2.368300e+06 9.828700e+05 -1.232500e+06 0.000000e+00 0.000000e+00 0.000000e+00 2.758900e+24 1.464200e+04 1.375300e+13
-5.150400e+05 -1.619800e+06 -2.281400e+06 0.000000e+00 0.000000e+00 0.000000e+00 2.758900e+24 1.464200e+04 1.375300e+13
-2.368300e+06 -9.828700e+05 1.232500e+06 0.000000e+00 0.000000e+00 0.000000e+00 2.758900e+24 1.464200e+04 1.375300e+13
-6.033900e+06 1.907600e+06 4.741000e+06 0.000000e+00 0.000000e+00 0.000000e+00 2.966100e+24 1.345900e+04 1.222300e+13
-6.938400e+06 -1.390100e+06 3.528500e+06 0.000000e+00 0.000000e+00 0.000000e+00 2.966100e+24 1.345900e+04 1.222300e+13
-7.544200e+06 2.364300e+06 -1.412500e+05 0.000000e+00 0.000000e+00 0.000000e+00 2.966100e+24 1.345900e+04 1.222300e+13
-4.075700e+06 6.677700e+06 1.149400e+06 0.000000e+00 0.000000e+00 0.000000e+00 2.966100e+24 1.345900e+04 1.222300e+13
1.618400e+04 5.875600e+06 5.291600e+06 0.000000e+00 0.000000e+00 0.000000e+00 2.966100e+24 1.345900e+04 1.222300e+13
1.377800e+06 5.875900e+05 7.764100e+06 0.000000e+00 0.000000e+00 0.000000e+00 2.966100e+24 1.345900e+04 1.222300e+13
-5.483600e+05 -4.941100e+06 6.148900e+06 0.000000e+00 0.000000e+00 0.000000e+00 2.966100e+24 1.345900e+04 1.222300e+13
-3.839000e+06 -6.786500e+06 1.315200e+06 0.000000e+00 0.000000e+00 0.000000e+00 2.966100e+24 1.345900e+04 1.222300e+13
-5.800500e+06 -3.847100e+06 -3.752100e+06 0.000000e+00 0.000000e+00 0.000000e+00 2.966100e+24 1.345900e+04 1.222300e+13
-4.734400e+06 1.823400e+06 -6.065100e+06 0.000000e+00 0.000000e+00 0.000000e+00 2.966100e+24 1.345900e+04 1.222300e+13
-8.955800e+05 6.480500e+06 -4.441400e+06 0.000000e+00 0.000000e+00 0.000000e+00 2.966100e+24 1.345900e+04 1.222300e+13
3.697900e+06 6.986800e+06 -1.871500e+05 0.000000e+00 0.000000e+00 0.000000e+00 2.966100e+24 1.345900e+04 1.222300e+13
6.454200e+06 2.778700e+06 3.625800e+06 0.000000e+00 0.000000e+00 0.000000e+00 2.966100e+24 1.345900e+04 1.222300e+13
5.842400e+06 -3.525400e+06 3.995300e+06 0.000000e+00 0.000000e+00 0.000000e+00 2.966100e+24 1.345900e+04 1.222300e+13
2.642600e+06 -7.451700e+06 1.145300e+05 0.000000e+00 0.000000e+00 0.000000e+00 2.966100e+24 1.345900e+04 1.222300e+13
-8.999600e+04 -5.736300e+06 -5.441600e+06 0.000000e+00 0.000000e+00 0.000000e+00 2.966100e+24 1.345900e+04 1.222300e+13
9.871300e+05 1.891300e+05 -7.843100e+06 0.000000e+00 0.000000e+00 0.000000e+00 2.966100e+24 1.345900e+04 1.222300e+13
5.717200e+06 3.203700e+06 -4.424200e+06 0.000000e+00 0.000000e+00 0.000000e+00 2.966100e+24 1.345900e+04 1.222300e+13
7.355600e+06 -2.530400e+06 -1.420100e+06 0.000000e+00 0.000000e+00 0.000000e+00 2.966100e+24 1.345900e+04 1.222300e+13
6.033900e+06 -1.907600e+06 -4.741000e+06 0.000000e+00 0.000000e+00 0.000000e+00 2.966100e+24 1.345900e+04 1.222300e+13
-7.379300e+06 8.616500e+06 7.453500e+06 0.000000e+00 0.000000e+00 0.000000e+00 2.908300e+24 1.120700e+04 9.458800e+12
-6.307000e+06 1.104800e+07 4.735100e+06 0.000000e+00 0.000000e+00 0.000000e+00 2.908300e+24 1.120700e+04 9.458800e+12
-2.380300e+06 1.022500e+07 8.605000e+06 0.000000e+00 0.000000e+00 0.000000e+00 2.908300e+24 1.120700e+04 9.458800e+12
-3.734900e+06 5.387700e+06 1.188600e+07 0.000000e+00 0.000000e+00 0.000000e+00 2.908300e+24 1.120700e+04 9.458800e+12
-8.517600e+06 1.713300e+06 1.042900e+07 0.000000e+00 0.000000e+00 0.000000e+00 2.908300e+24 1.120700e+04 9.458800e+12
-1.230400e+07 2.008600e+06 5.369900e+06 0.000000e+00 0.000000e+00 0.000000e+00 2.908300e+24 1.120700e+04 9.458800e+12
-1.232400e+07 5.689000e+06 1.261300e+05 0.000000e+00 0.000000e+00 0.000000e+00 2.908300e+24 1.120700e+04 9.458800e+12
-8.535900e+06 1.027800e+07 -2.398400e+06 0.000000e+00 0.000000e+00 0.000000e+00 2.908300e+24 1.120700e+04 9.458800e+12
-2.866200e+06 1.321800e+07 -1.152900e+06 0.000000e+00 0.000000e+00 0.000000e+00 2.908300e+24 1.120700e+04 9.458800e+12
2.153100e+06 1.305400e+07 3.036900e+06 0.000000e+00 0.000000e+00 0.000000e+00 2.908300e+24 1.120700e+04 9.458800e+12
4.559600e+06 9.801200e+06 8.209800e+06 0.000000e+00 0.000000e+00 0.000000e+00 2.908300e+24 1.120700e+04 9.458800e+12
3.601400e+06 4.666900e+06 1.222700e+07 0.000000e+00 0.000000e+00 0.000000e+00 2.908300e+24 1.120700e+04 9.458800e+12
-1.938300e+05 -5.753300e+05 1.356000e+07 0.000000e+00 0.000000e+00 0.000000e+00 2.908300e+24 1.120700e+04 9.458800e+12
-5.380300e+06 -4.257200e+06 1.171200e+07 0.000000e+00 0.000000e+00 0.000000e+00 2.908300e+24 1.120700e+04 9.458800e+12
-1.016800e+07 -5.329700e+06 7.242700e+06 0.000000e+00 0.000000e+00 0.000000e+00 2.908300e+24 1.120700e+04 9.458800e+12
-1.300200e+07 -3.609000e+06 1.478900e+06 0.000000e+00 0.000000e+00 0.000000e+00 2.908300e+24 1.120700e+04 9.458800e+12
-1.298600e+07 2.568300e+05 -3.944000e+06 0.000000e+00 0.000000e+00 0.000000e+00 2.908300e+24 1.120700e+04 9.458800e+12
-1.007800e+07 5.042200e+06 -7.566800e+06 0.000000e+00 0.000000e+00 0.000000e+00 2.908300e+24 1.120700e+04 9.458800e+12
-5.034200e+06 9.320200e+06 -8.487900e+06 0.000000e+00 0.000000e+00 0.000000e+00 2.908300e+24 1.120700e+04 9.458800e+12
8.461500e+05 1.185200e+07 -6.562400e+06 0.000000e+00 0.000000e+00 0.000000e+00 2.908300e+24 1.120700e+04 9.458800e+12
6.083900e+06 1.189500e+07 -2.396200e+06 0.000000e+00 0.000000e+00 0.000000e+00 2.908300e+24 1.120700e+04 9.458800e+12
9.403700e+06 9.366500e+06 2.844600e+06 0.000000e+00 0.000000e+00 0.000000e+00 2.908300e+24 1.120700e+04 9.458800e+12
1.004300e+07 4.835500e+06 7.746300e+06 0.000000e+00 0.000000e+00 0.000000e+00 2.908300e+24 1.120700e+04 9.458800e+12
7.923100e+06 -6.363100e+05 1.100300e+07 0.000000e+00 0.000000e+00 0.000000e+00 2.908300e+24 1.120700e+04 9.458800e+12
3.649400e+06 -5.766700e+06 1.173400e+07 0.000000e+00 0.000000e+00 0.000000e+00 2.908300e+24 1.120700e+04 9.458800e+12
-1.644800e+06 -9.367300e+06 9.685100e+06 0.000000e+00 0.000000e+00 0.000000e+00 2.908300e+24 1.120700e+04 9.458800e+12
-6.579100e+06 -1.063000e+07 5.289800e+06 0.000000e+00 0.000000e+00 0.000000e+00 2.908300e+24 1.120700e+04 9.458800e+12
-9.859300e+06 -9.319500e+06 -4.416600e+05 0.000000e+00 0.000000e+00 0.000000e+00 2.908300e+24 1.120700e+04 9.458800e+12
-1.059300e+07 -5.837400e+06 -6.162500e+06 0.000000e+00 0.000000e+00 0.000000e+00 2.908300e+24 1.120700e+04 9.458800e+12
-8.510200e+06 -1.127900e+06 -1.051500e+07 0.000000e+00 0.000000e+00 0.000000e+00 2.908300e+24 1.120700e+04 9.458800e+12
-4.047000e+06 3.541500e+06 -1.246300e+07 0.000000e+00 0.000000e+00 0.000000e+00 2.908300e+24 1.120700e+04 9.458800e+12
1.747500e+06 6.888500e+06 -1.156500e+07 0.000000e+00 0.000000e+00 0.000000e+00 2.908300e+24 1.120700e+04 9.458800e+12
7.453100e+06 7.940900e+06 -8.102300e+06 0.000000e+00 0.000000e+00 0.000000e+00 2.908300e+24 1.120700e+04 9.458800e+12
1.163000e+07 6.303500e+06 -3.043500e+06 0.000000e+00 0.000000e+00 0.000000e+00 2.908300e+24 1.120700e+04 9.458800e+12
1.320000e+07 2.294300e+06 2.176700e+06 0.000000e+00 0.000000e+00 0.000000e+00 2.908300e+24 1.120700e+04 9.458800e+12
1.176700e+07 -3.095400e+06 6.018300e+06 0.000000e+00 0.000000e+00 0.000000e+00 2.908300e+24 1.120700e+04 9.458800e+12
7.774400e+06 -8.429700e+06 7.263100e+06 0.000000e+00 0.000000e+00 0.000000e+00 2.908300e+24 1.120700e+04 9.458800e+12
2.457800e+06 -1.220900e+07 5.399100e+06 0.000000e+00 0.000000e+00 0.000000e+00 2.908300e+24 1.120700e+04 9.458800e+12
-2.458800e+06 -1.332200e+07 8.489400e+05 0.000000e+00 0.000000e+00 0.000000e+00 2.908300e+24 1.120700e+04 9.458800e+12
-5.256100e+06 -1.144800e+07 -5.056900e+06 0.000000e+00 0.000000e+00 0.000000e+00 2.908300e+24 1.120700e+04 9.458800e+12
-4.802900e+06 -7.268000e+06 -1.041000e+07 0.000000e+00 0.000000e+00 0.000000e+00 2.908300e+24 1.120700e+04 9.458800e+12
-1.054600e+06 -2.376700e+06 -1.332300e+07 0.000000e+00 0.000000e+00 0.000000e+00 2.908300e+24 1.120700e+04 9.458800e+12
4.737500e+06 1.177000e+06 -1.266600e+07 0.000000e+00 0.000000e+00 0.000000e+00 2.908300e+24 1.120700e+04 9.458800e+12
1.028800e+07 1.659700e+06 -8.697900e+06 0.000000e+00 0.000000e+00 0.000000e+00 2.908300e+24 1.120700e+04 9.458800e+12
1.309000e+07 -1.467400e+06 -3.278100e+06 0.000000e+00 0.000000e+00 0.000000e+00 2.908300e+24 1.120700e+04 9.458800e+12
1.165400e+07 -6.929000e+06 6.448200e+05 0.000000e+00 0.000000e+00 0.000000e+00 2.908300e+24 1.120700e+04 9.458800e+12
6.743400e+06 -1.177300e+07 4.133000e+05 0.000000e+00 0.000000e+00 0.000000e+00 2.908300e+24 1.120700e+04 9.458800e+12
1.791300e+06 -1.273300e+07 -4.349600e+06 0.000000e+00 0.000000e+00 0.000000e+00 2.908300e+24 1.120700e+04 9.458800e+12
1.387000e+06 -8.883800e+06 -1.016900e+07 0.000000e+00 0.000000e+00 0.000000e+00 2.908300e+24 1.120700e+04 9.458800e+12
6.861200e+06 -4.463800e+06 -1.082800e+07 0.000000e+00 0.000000e+00 0.000000e+00 2.908300e+24 1.120700e+04 9.458800e+12
1.015600e+07 -7.369700e+06 -5.176200e+06 0.000000e+00 0.000000e+00 0.000000e+00 2.908300e+24 1.120700e+04 9.458800e+12
7.379300e+06 -8.616500e+06 -7.453500e+06 0.000000e+00 0.000000e+00 0.000000e+00 2.908300e+24 1.120700e+04 9.458800e+12
-1.578100e+07 1.039100e+07 -5.626000e+06 0.000000e+00 0.000000e+00 0.000000e+00 2.931900e+24 8.340800e+03 6.255200e+12
-1.308600e+07 1.213600e+07 -8.375800e+06 0.000000e+00 0.000000e+00 0.000000e+00 2.931900e+24 8.340800e+03 6.255200e+12
-1.283500e+07 1.471300e+07 -2.731400e+06 0.000000e+00 0.000000e+00 0.000000e+00 2.931900e+24 8.340800e+03 6.255200e+12
-1.626800e+07 1.101400e+07 1.653300e+06 0.000000e+00 0.000000e+00 0.000000e+00 2.931900e+24 8.340800e+03 6.255200e+12
-1.908600e+07 4.939800e+06 -7.233600e+04 0.000000e+00 0.000000e+00 0.000000e+00 2.931900e+24 8.340800e+03 6.255200e+12
-1.867500e+07 1.408200e+06 -6.160600e+06 0.000000e+00 0.000000e+00 0.000000e+00 2.931900e+24 8.340800e+03 6.255200e+12
-1.520100e+07 2.498000e+06 -1.230300e+07 0.000000e+00 0.000000e+00 0.000000e+00 2.931900e+24 8.340800e+03 6.255200e+12
-1.053000e+07 7.274800e+06 -1.499600e+07 0.000000e+00 0.000000e+00 0.000000e+00 2.931900e+24 8.340800e+03 6.255200e+12
-6.794300e+06 1.316400e+07 -1.300900e+07 0.000000e+00 0.000000e+00 0.000000e+00 2.931900e+24 8.340800e+03 6.255200e+12
-5.409600e+06 1.749200e+07 -7.310500e+06 0.000000e+00 0.000000e+00 0.000000e+00 2.931900e+24 8.340800e+03 6.255200e+12
-6.692100e+06 1.854400e+07 -1.826600e+05 0.000000e+00 0.000000e+00 0.000000e+00 2.931900e+24 8.340800e+03 6.255200e+12
-9.977300e+06 1.596400e+07 5.855900e+06 0.000000e+00 0.000000e+00 0.000000e+00 2.931900e+24 8.340800e+03 6.255200e+12
-1.401800e+07 1.062000e+07 8.909700e+06 0.000000e+00 0.000000e+00 0.000000e+00 2.931900e+24 8.340800e+03 6.255200e+12
-1.746000e+07 4.134000e+06 8.170700e+06 0.000000e+00 0.000000e+00 0.000000e+00 2.931900e+24 8.340800e+03 6.255200e+12
-1.923500e+07 -1.692500e+06 3.978300e+06 0.000000e+00 0.000000e+00 0.000000e+00 2.931900e+24 8.340800e+03 6.255200e+12
-1.881100e+07 -5.378500e+06 -2.432700e+06 0.000000e+00 0.000000e+00 0.000000e+00 2.931900e+24 8.340800e+03 6.255200e+12
-1.624700e+07 -6.094700e+06 -9.357300e+06 0.000000e+00 0.000000e+00 0.000000e+00 2.931900e+24 8.340800e+03 6.255200e+12
-1.211800e+07 -3.783800e+06 -1.508400e+07 0.000000e+00 0.000000e+00 0.000000e+00 2.931900e+24 8.340800e+03 6.255200e+12
-7.319700e+06 9.116400e+05 -1.828300e+07 0.000000e+00 0.000000e+00 0.000000e+00 2.931900e+24 8.340800e+03 6.255200e+12
-2.843600e+06 6.860800e+06 -1.826300e+07 0.000000e+00 0.000000e+00 0.000000e+00 2.931900e+24 8.340800e+03 6.255200e+12
4.404100e+05 1.272800e+07 -1.504900e+07 0.000000e+00 0.000000e+00 0.000000e+00 2.931900e+24 8.340800e+03 6.255200e+12
1.950200e+06 1.726200e+07 -9.322400e+06 0.000000e+00 0.000000e+00 0.000000e+00 2.931900e+24 8.340800e+03 6.255200e+12
1.482200e+06 1.953300e+07 -2.226900e+06 0.000000e+00 0.000000e+00 0.000000e+00 2.931900e+24 8.340800e+03 6.255200e+12
-7.789600e+05 1.908600e+07 4.878800e+06 0.000000e+00 0.000000e+00 0.000000e+00 2.931900e+24 8.340800e+03 6.255200e+12
-4.321200e+06 1.599200e+07 1.068900e+07 0.000000e+00 0.000000e+00 0.000000e+00 2.931900e+24 8.340800e+03 6.255200e+12
-8.418800e+06 1.080100e+07 1.418300e+07 0.000000e+00 0.000000e+00 0.000000e+00 2.931900e+24 8.340800e+03 6.255200e+12
-1.227300e+07 4.413400e+06 1.478500e+07 0.000000e+00 0.000000e+00 0.000000e+00 2.931900e+24 8.340800e+03 6.255200e+12
-1.515200e+07 -2.089100e+06 1.243900e+07 0.000000e+00 0.000000e+00 0.000000e+00 2.931900e+24 8.340800e+03 6.255200e+12
-1.651300e+07 -7.638800e+06 7.593600e+06 0.000000e+00 0.000000e+00 0.000000e+00 2.931900e+24 8.340800e+03 6.255200e+12
-1.607900e+07 -1.135600e+07 1.098900e+06 0.000000e+00 0.000000e+00 0.000000e+00 2.931900e+24 8.340800e+03 6.255200e+12
-1.387500e+07 -1.268200e+07 -5.945000e+06 0.000000e+00 0.000000e+00 0.000000e+00 2.931900e+24 8.340800e+03 6.255200e+12
-1.021000e+07 -1.145800e+07 -1.237600e+07 0.000000e+00 0.000000e+00 0.000000e+00 2.931900e+24 8.340800e+03 6.255200e+12
-5.619100e+06 -7.931600e+06 -1.715200e+07 0.000000e+00 0.000000e+00 0.000000e+00 2.931900e+24 8.340800e+03 6.255200e+12
-7.712100e+05 -2.707100e+06 -1.951300e+07 0.000000e+00 0.000000e+00 0.000000e+00 2.931900e+24 8.340800e+03 6.255200e+12
3.636200e+06 3.359300e+06 -1.908300e+07 0.000000e+00 0.000000e+00 0.000000e+00 2.931900e+24 8.340800e+03 6.255200e+12
6.984100e+06 9.295900e+06 -1.592100e+07 0.000000e+00 0.000000e+00 0.000000e+00 2.931900e+24 8.340800e+03 6.255200e+12
8.822700e+06 1.416400e+07 -1.049900e+07 0.000000e+00 0.000000e+00 0.000000e+00 2.931900e+24 8.340800e+03 6.255200e+12
8.934200e+06 1.719800e+07 -3.620300e+06 0.000000e+00 0.000000e+00 0.000000e+00 2.931900e+24 8.340800e+03 6.255200e+12
7.361000e+06 1.791100e+07 3.699200e+06 0.000000e+00 0.000000e+00 0.000000e+00 2.931900e+24 8.340800e+03 6.255200e+12
4.394800e+06 1.616900e+07 1.038900e+07 0.000000e+00 0.000000e+00 0.000000e+00 2.931900e+24 8.340800e+03 6.255200e+12
5.307600e+05 1.219700e+07 1.548000e+07 0.000000e+00 0.000000e+00 0.000000e+00 2.931900e+24 8.340800e+03 6.255200e+12
-3.607100e+06 6.548300e+06 1.824300e+07 0.000000e+00 0.000000e+00 0.000000e+00 2.931900e+24 8.340800e+03 6.255200e+12
-7.357000e+06 1.958100e+04 1.829100e+07 0.000000e+00 0.000000e+00 0.000000e+00 2.931900e+24 8.340800e+03 6.255200e+12
-1.011600e+07 -6.466500e+06 1.563800e+07 0.000000e+00 0.000000e+00 0.000000e+00 2.931900e+24 8.340800e+03 6.255200e+12
-1.142500e+07 -1.199400e+07 1.069000e+07 0.000000e+00 0.000000e+00 0.000000e+00 2.931900e+24 8.340800e+03 6.255200e+12
-1.104000e+07 -1.578700e+07 4.191000e+06 0.000000e+00 0.000000e+00 0.000000e+00 2.931900e+24 8.340800e+03 6.255200e+12
-8.960300e+06 -1.732200e+07 -2.889100e+06 0.000000e+00 0.000000e+00 0.000000e+00 2.931900e+24 8.340800e+03 6.255200e+12
-5.436100e+06 -1.640300e+07 -9.490000e+06 0.000000e+00 0.000000e+00 0.000000e+00 2.931900e+24 8.340800e+03 6.255200e+12
-9.309100e+05 -1.319700e+07 -1.461700e+07 0.000000e+00 0.000000e+00 0.000000e+00 2.931900e+24 8.340800e+03 6.255200e+12
3.943700e+06 -8.207300e+06 -1.748600e+07 0.000000e+00 0.000000e+00 0.000000e+00 2.931900e+24 8.340800e+03 6.255200e+12
8.516000e+06 -2.208200e+06 -1.764300e+07 0.000000e+00 0.000000e+00 0.000000e+00 2.931900e+24 8.340800e+03 6.255200e+12
1.215300e+07 3.867700e+06 -1.503500e+07 0.000000e+00 0.000000e+00 0.000000e+00 2.931900e+24 8.340800e+03 6.255200e+12
1.435500e+07 9.065000e+06 -1.002300e+07 0.000000e+00 0.000000e+00 0.000000e+00 2.931900e+24 8.340800e+03 6.255200e+12
1.483300e+07 1.254900e+07 -3.342000e+06 0.000000e+00 0.000000e+00 0.000000e+00 2.931900e+24 8.340800e+03 6.255200e+12
1.356200e+07 1.373700e+07 4.006900e+06 0.000000e+00 0.000000e+00 0.000000e+00 2.931900e+24 8.340800e+03 6.255200e+12
1.078400e+07 1.239100e+07 1.090200e+07 0.000000e+00 0.000000e+00 0.000000e+00 2.931900e+24 8.340800e+03 6.255200e+12
6.986100e+06 8.670000e+06 1.627000e+07 0.000000e+00 0.000000e+00 0.000000e+00 2.931900e+24 8.340800e+03 6.255200e+12
2.827000e+06 3.113400e+06 1.926100e+07 0.000000e+00 0.000000e+00 0.000000e+00 2.931900e+24 8.340800e+03 6.255200e+12
-9.603200e+05 -3.428300e+06 1.939100e+07 0.000000e+00 0.000000e+00 0.000000e+00 2.931900e+24 8.340800e+03 6.255200e+12
-3.686100e+06 -9.920800e+06 1.663400e+07 0.000000e+00 0.000000e+00 0.000000e+00 2.931900e+24 8.340800e+03 6.255200e+12
-4.819900e+06 -1.531000e+07 1.144800e+07 0.000000e+00 0.000000e+00 0.000000e+00 2.931900e+24 8.340800e+03 6.255200e+12
-4.088000e+06 -1.869900e+07 4.722800e+06 0.000000e+00 0.000000e+00 0.000000e+00 2.931900e+24 8.340800e+03 6.255200e+12
-1.534400e+06 -1.951400e+07 -2.355800e+06 0.000000e+00 0.000000e+00 0.000000e+00 2.931900e+24 8.340800e+03 6.255200e+12
2.468900e+06 -1.761800e+07 -8.496400e+06 0.000000e+00 0.000000e+00 0.000000e+00 2.931900e+24 8.340800e+03 6.255200e+12
7.269800e+06 -1.337100e+07 -1.253200e+07 0.000000e+00 0.000000e+00 0.000000e+00 2.931900e+24 8.340800e+03 6.255200e+12
1.203900e+07 -7.589900e+06 -1.364300e+07 0.000000e+00 0.000000e+00 0.000000e+00 2.931900e+24 8.340800e+03 6.255200e+12
1.591700e+07 -1.424500e+06 -1.154600e+07 0.000000e+00 0.000000e+00 0.000000e+00 2.931900e+24 8.340800e+03 6.255200e+12
1.818200e+07 3.842400e+06 -6.582600e+06 0.000000e+00 0.000000e+00 0.000000e+00 2.931900e+24 8.340800e+03 6.255200e+12
1.841000e+07 7.048600e+06 2.890400e+05 0.000000e+00 0.000000e+00 0.000000e+00 2.931900e+24 8.340800e+03 6.255200e+12
1.659100e+07 7.411000e+06 7.648900e+06 0.000000e+00 0.000000e+00 0.000000e+00 2.931900e+24 8.340800e+03 6.255200e+12
1.317400e+07 4.736600e+06 1.388100e+07 0.000000e+00 0.000000e+00 0.000000e+00 2.931900e+24 8.340800e+03 6.255200e+12
9.012100e+06 -4.698400e+05 1.752800e+07 0.000000e+00 0.000000e+00 0.000000e+00 2.931900e+24 8.340800e+03 6.255200e+12
5.199700e+06 -7.046700e+06 1.766300e+07 0.000000e+00 0.000000e+00 0.000000e+00 2.931900e+24 8.340800e+03 6.255200e+12
2.827300e+06 -1.338800e+07 1.419300e+07 0.000000e+00 0.000000e+00 0.000000e+00 2.931900e+24 8.340800e+03 6.255200e+12
2.684600e+06 -1.781800e+07 8.000700e+06 0.000000e+00 0.000000e+00 0.000000e+00 2.931900e+24 8.340800e+03 6.255200e+12
4.988000e+06 -1.905500e+07 8.418000e+05 0.000000e+00 0.000000e+00 0.000000e+00 2.931900e+24 8.340800e+03 6.255200e+12
9.217200e+06 -1.668100e+07 -5.047800e+06 0.000000e+00 0.000000e+00 0.000000e+00 2.931900e+24 8.340800e+03 6.255200e+12
1.414800e+07 -1.143500e+07 -7.600900e+06 0.000000e+00 0.000000e+00 0.000000e+00 2.931900e+24 8.340800e+03 6.255200e+12
1.814400e+07 -5.195100e+06 -5.698800e+06 0.000000e+00 0.000000e+00 0.000000e+00 2.931900e+24 8.340800e+03 6.255200e+12
1.970800e+07 -5.086700e+05 1.595800e+05 0.000000e+00 0.000000e+00 0.000000e+00 2.931900e+24 8.340800e+03 6.255200e+12
1.817300e+07 3.481200e+05 7.635800e+06 0.000000e+00 0.000000e+00 0.000000e+00 2.931900e+24 8.340800e+03 6.255200e+12
1.430400e+07 -3.412100e+06 1.313100e+07 0.000000e+00 0.000000e+00 0.000000e+00 2.931900e+24 8.340800e+03 6.255200e+12
1.039300e+07 -1.007400e+07 1.338600e+07 0.000000e+00 0.000000e+00 0.000000e+00 2.931900e+24 8.340800e+03 6.255200e+12
9.387600e+06 -1.544800e+07 7.868500e+06 0.000000e+00 0.000000e+00 0.000000e+00 2.931900e+24 8.340800e+03 6.255200e+12
1.275400e+07 -1.501200e+07 8.200300e+05 0.000000e+00 0.000000e+00 0.000000e+00 2.931900e+24 8.340800e+03 6.255200e+12
1.763100e+07 -8.821400e+06 1.617900e+05 0.000000e+00 0.000000e+00 0.000000e+00 2.931900e+24 8.340800e+03 6.255200e+12
1.668700e+07 -6.934000e+06 7.883700e+06 0.000000e+00 0.000000e+00 0.000000e+00 2.931900e+24 8.340800e+03 6.255200e+12
1.578100e+07 -1.039100e+07 5.626000e+06 0.000000e+00 0.000000e+00 0.000000e+00 2.931900e+24 8.340800e+03 6.255200e+12
-1.279300e+06 1.829700e+07 -1.919300e+07 0.000000e+00 0.000000e+00 0.000000e+00 2.924800e+24 5.429800e+03 3.429500e+12
-2.125900e+06 2.143700e+07 -1.551600e+07 0.000000e+00 0.000000e+00 0.000000e+00 2.924800e+24 5.429800e+03 3.429500e+12
-8.065600e+06 1.800900e+07 -1.776000e+07 0.000000e+00 0.000000e+00 0.000000e+00 2.924800e+24 5.429800e+03 3.429500e+12
-6.193100e+06 1.230600e+07 -2.269300e+07 0.000000e+00 0.000000e+00 0.000000e+00 2.924800e+24 5.429800e+03 3.429500e+12
1.433000e+06 1.041400e+07 -2.437800e+07 0.000000e+00 0.000000e+00 0.000000e+00 2.924800e+24 5.429800e+03 3.429500e+12
8.365800e+06 1.349100e+07 -2.127900e+07 0.000000e+00 0.000000e+00 0.000000e+00 2.924800e+24 5.429800e+03 3.429500e+12
1.010800e+07 1.910200e+07 -1.541900e+07 0.000000e+00 0.000000e+00 0.000000e+00 2.924800e+24 5.429800e+03 3.429500e+12
5.940100e+06 2.388300e+07 -9.954800e+06 0.000000e+00 0.000000e+00 0.000000e+00 2.924800e+24 5.429800e+03 3.429500e+12
-1.906700e+06 2.545000e+07 -7.310100e+06 0.000000e+00 0.000000e+00 0.000000e+00 2.924800e+24 5.429800e+03 3.429500e+12
-9.988600e+06 2.313700e+07 -8.349300e+06 0.000000e+00 0.000000e+00 0.000000e+00 2.924800e+24 5.429800e+03 3.429500e+12
-1.524200e+07 1.783400e+07 -1.242600e+07 0.000000e+00 0.000000e+00 0.000000e+00 2.924800e+24 5.429800e+03 3.429500e+12
-1.595000e+07 1.135300e+07 -1.793100e+07 0.000000e+00 0.000000e+00 0.000000e+00 2.924800e+24 5.429800e+03 3.429500e+12
-1.202100e+07 5.671500e+06 -2.298100e+07 0.000000e+00 0.000000e+00 0.000000e+00 2.924800e+24 5.429800e+03 3.429500e+12
-4.727700e+06 2.336100e+06 -2.601900e+07 0.000000e+00 0.000000e+00 0.000000e+00 2.924800e+24 5.429800e+03 3.429500e+12
3.860900e+06 2.108200e+06 -2.618100e+07 0.000000e+00 0.000000e+00 0.000000e+00 2.924800e+24 5.429800e+03 3.429500e+12
1.152200e+07 4.889800e+06 -2.341200e+07 0.000000e+00 0.000000e+00 0.000000e+00 2.924800e+24 5.429800e+03 3.429500e+12
1.643400e+07 9.865400e+06 -1.836800e+07 0.000000e+00 0.000000e+00 0.000000e+00 2.924800e+24 5.429800e+03 3.429500e+12
1.753700e+07 1.577900e+07 -1.217700e+07 0.000000e+00 0.000000e+00 0.000000e+00 2.924800e+24 5.429800e+03 3.429500e+12
1.467400e+07 2.125600e+07 -6.136500e+06 0.000000e+00 0.000000e+00 0.000000e+00 2.924800e+24 5.429800e+03 3.429500e+12
8.517500e+06 2.510400e+07 -1.430500e+06 0.000000e+00 0.000000e+00 0.000000e+00 2.924800e+24 5.429800e+03 3.429500e+12
3.565400e+05 2.652300e+07 1.094200e+06 0.000000e+00 0.000000e+00 0.000000e+00 2.924800e+24 5.429800e+03 3.429500e+12
-8.212500e+06 2.522400e+07 1.054500e+06 0.000000e+00 0.000000e+00 0.000000e+00 2.924800e+24 5.429800e+03 3.429500e+12
-1.560300e+07 2.143000e+07 -1.441400e+06 0.000000e+00 0.000000e+00 0.000000e+00 2.924800e+24 5.429800e+03 3.429500e+12
-2.051600e+07 1.579800e+07 -5.855300e+06 0.000000e+00 0.000000e+00 0.000000e+00 2.924800e+24 5.429800e+03 3.429500e+12
-2.214000e+07 9.267100e+06 -1.134600e+07 0.000000e+00 0.000000e+00 0.000000e+00 2.924800e+24 5.429800e+03 3.429500e+12
-2.024500e+07 2.883300e+06 -1.693000e+07 0.000000e+00 0.000000e+00 0.000000e+00 2.924800e+24 5.429800e+03 3.429500e+12
-1.517700e+07 -2.373900e+06 -2.165200e+07 0.000000e+00 0.000000e+00 0.000000e+00 2.924800e+24 5.429800e+03 3.429500e+12
-7.767600e+06 -5.741100e+06 -2.472800e+07 0.000000e+00 0.000000e+00 0.000000e+00 2.924800e+24 5.429800e+03 3.429500e+12
8.257300e+05 -6.772100e+06 -2.565600e+07 0.000000e+00 0.000000e+00 0.000000e+00 2.924800e+24 5.429800e+03 3.429500e+12
9.310700e+06 -5.384600e+06 -2.427200e+07 0.000000e+00 0.000000e+00 0.000000e+00 2.924800e+24 5.429800e+03 3.429500e+12
1.645400e+07 -1.851400e+06 -2.075200e+07 0.000000e+00 0.000000e+00 0.000000e+00 2.924800e+24 5.429800e+03 3.429500e+12
2.125300e+07 3.258500e+06 -1.557200e+07 0.000000e+00 0.000000e+00 0.000000e+00 2.924800e+24 5.429800e+03 3.429500e+12
2.306000e+07 9.173000e+06 -9.426700e+06 0.000000e+00 0.000000e+00 0.000000e+00 2.924800e+24 5.429800e+03 3.429500e+12
2.165900e+07 1.503200e+07 -3.119800e+06 0.000000e+00 0.000000e+00 0.000000e+00 2.924800e+24 5.429800e+03 3.429500e+12
1.726400e+07 2.000700e+07 2.543100e+06 0.000000e+00 0.000000e+00 0.000000e+00 2.924800e+24 5.429800e+03 3.429500e+12
1.048400e+07 2.340500e+07 6.862200e+06 0.000000e+00 0.000000e+00 0.000000e+00 2.924800e+24 5.429800e+03 3.429500e+12
2.219300e+06 2.475600e+07 9.328700e+06 0.000000e+00 0.000000e+00 0.000000e+00 2.924800e+24 5.429800e+03 3.429500e+12
-6.460200e+06 2.386100e+07 9.681600e+06 0.000000e+00 0.000000e+00 0.000000e+00 2.924800e+24 5.429800e+03 3.429500e+12
-1.445500e+07 2.080700e+07 7.931400e+06 0.000000e+00 0.000000e+00 0.000000e+00 2.924800e+24 5.429800e+03 3.429500e+12
-2.077200e+07 1.594900e+07 4.349100e+06 0.000000e+00 0.000000e+00 0.000000e+00 2.924800e+24 5.429800e+03 3.429500e+12
-2.464400e+07 9.855000e+06 -5.750500e+05 0.000000e+00 0.000000e+00 0.000000e+00 2.924800e+24 5.429800e+03 3.429500e+12
-2.561100e+07 3.231400e+06 -6.197300e+06 0.000000e+00 0.000000e+00 0.000000e+00 2.924800e+24 5.429800e+03 3.429500e+12
-2.357000e+07 -3.162300e+06 -1.180100e+07 0.000000e+00 0.000000e+00 0.000000e+00 2.924800e+24 5.429800e+03 3.429500e+12
-1.877200e+07 -8.606300e+06 -1.668300e+07 0.000000e+00 0.000000e+00 0.000000e+00 2.924800e+24 5.429800e+03 3.429500e+12
-1.179200e+07 -1.250200e+07 -2.023500e+07 0.000000e+00 0.000000e+00 0.000000e+00 2.924800e+24 5.429800e+03 3.429500e+12
-3.446500e+06 -1.443900e+07 -2.201000e+07 0.000000e+00 0.000000e+00 0.000000e+00 2.924800e+24 5.429800e+03 3.429500e+12
5.298900e+06 -1.423700e+07 -2.177200e+07 0.000000e+00 0.000000e+00 0.000000e+00 2.924800e+24 5.429800e+03 3.429500e+12
1.344400e+07 -1.196200e+07 -1.951800e+07 0.000000e+00 0.000000e+00 0.000000e+00 2.924800e+24 5.429800e+03 3.429500e+12
2.006900e+07 -7.913400e+06 -1.547300e+07 0.000000e+00 0.000000e+00 0.000000e+00 2.924800e+24 5.429800e+03 3.429500e+12
2.443100e+07 -2.589500e+06 -1.006000e+07 0.000000e+00 0.000000e+00 0.000000e+00 2.924800e+24 5.429800e+03 3.429500e+12
2.604900e+07 3.374300e+06 -3.855100e+06 0.000000e+00 0.000000e+00 0.000000e+00 2.924800e+24 5.429800e+03 3.429500e+12
2.475000e+07 9.275900e+06 2.485400e+06 0.000000e+00 0.000000e+00 0.000000e+00 2.924800e+24 5.429800e+03 3.429500e+12
2.068700e+07 1.442500e+07 8.292500e+06 0.000000e+00 0.000000e+00 0.000000e+00 2.924800e+24 5.429800e+03 3.429500e+12
1.431600e+07 1.821700e+07 1.296100e+07 0.000000e+00 0.000000e+00 0.000000e+00 2.924800e+24 5.429800e+03 3.429500e+12
6.344600e+06 2.020300e+07 1.601200e+07 0.000000e+00 0.000000e+00 0.000000e+00 2.924800e+24 5.429800e+03 3.429500e+12
-2.345500e+06 2.012900e+07 1.714900e+07 0.000000e+00 0.000000e+00 0.000000e+00 2.924800e+24 5.429800e+03 3.429500e+12
-1.079800e+07 1.797300e+07 1.628400e+07 0.000000e+00 0.000000e+00 0.000000e+00 2.924800e+24 5.429800e+03 3.429500e+12
-1.808300e+07 1.393600e+07 1.354900e+07 0.000000e+00 0.000000e+00 0.000000e+00 2.924800e+24 5.429800e+03 3.429500e+12
-2.340300e+07 8.426100e+06 9.278900e+06 0.000000e+00 0.000000e+00 0.000000e+00 2.924800e+24 5.429800e+03 3.429500e+12
-2.617100e+07 2.012600e+06 3.976900e+06 0.000000e+00 0.000000e+00 0.000000e+00 2.924800e+24 5.429800e+03 3.429500e+12
-2.608200e+07 -4.637700e+06 -1.741200e+06 0.000000e+00 0.000000e+00 0.000000e+00 2.924800e+24 5.429800e+03 3.429500e+12
-2.314000e+07 -1.083100e+07 -7.213400e+06 0.000000e+00 0.000000e+00 0.000000e+00 2.924800e+24 5.429800e+03 3.429500e+12
-1.766300e+07 -1.592100e+07 -1.180300e+07 0.000000e+00 0.000000e+00 0.000000e+00 2.924800e+24 5.429800e+03 3.429500e+12
-1.024800e+07 -1.938200e+07 -1.497000e+07 0.000000e+00 0.000000e+00 0.000000e+00 2.924800e+24 5.429800e+03 3.429500e+12
-1.705200e+06 -2.086500e+07 -1.632500e+07 0.000000e+00 0.000000e+00 0.000000e+00 2.924800e+24 5.429800e+03 3.429500e+12
7.025600e+06 -2.023700e+07 -1.568100e+07 0.000000e+00 0.000000e+00 0.000000e+00 2.924800e+24 5.429800e+03 3.429500e+12
1.497900e+07 -1.759800e+07 -1.306700e+07 0.000000e+00 0.000000e+00 0.000000e+00 2.924800e+24 5.429800e+03 3.429500e+12
2.127000e+07 -1.327100e+07 -8.733300e+06 0.000000e+00 0.000000e+00 0.000000e+00 2.924800e+24 5.429800e+03 3.429500e+12
2.519200e+07 -7.770600e+06 -3.123800e+06 0.000000e+00 0.000000e+00 0.000000e+00 2.924800e+24 5.429800e+03 3.429500e+12
2.630000e+07 -1.748300e+06 3.171300e+06 0.000000e+00 0.000000e+00 0.000000e+00 2.924800e+24 5.429800e+03 3.429500e+12
2.446000e+07 4.080600e+06 9.478500e+06 0.000000e+00 0.000000e+00 0.000000e+00 2.924800e+24 5.429800e+03 3.429500e+12
1.987500e+07 9.015500e+06 1.511600e+07 0.000000e+00 0.000000e+00 0.000000e+00 2.924800e+24 5.429800e+03 3.429500e+12
1.306200e+07 1.245000e+07 1.947200e+07 0.000000e+00 0.000000e+00 0.000000e+00 2.924800e+24 5.429800e+03 3.429500e+12
4.803300e+06 1.394400e+07 2.207500e+07 0.000000e+00 0.000000e+00 0.000000e+00 2.924800e+24 5.429800e+03 3.429500e+12
-3.940500e+06 1.327700e+07 2.264900e+07 0.000000e+00 0.000000e+00 0.000000e+00 2.924800e+24 5.429800e+03 3.429500e+12
-1.213800e+07 1.048000e+07 2.115700e+07 0.000000e+00 0.000000e+00 0.000000e+00 2.924800e+24 5.429800e+03 3.429500e+12
-1.880800e+07 5.837800e+06 1.780400e+07 0.000000e+00 0.000000e+00 0.000000e+00 2.924800e+24 5.429800e+03 3.429500e+12
-2.313400e+07 -1.386600e+05 1.302300e+07 0.000000e+00 0.000000e+00 0.000000e+00 2.924800e+24 5.429800e+03 3.429500e+12
-2.457300e+07 -6.767300e+06 7.426900e+06 0.000000e+00 0.000000e+00 0.000000e+00 2.924800e+24 5.429800e+03 3.429500e+12
-2.292600e+07 -1.327300e+07 1.742900e+06 0.000000e+00 0.000000e+00 0.000000e+00 2.924800e+24 5.429800e+03 3.429500e+12
-1.837400e+07 -1.888000e+07 -3.278200e+06 0.000000e+00 0.000000e+00 0.000000e+00 2.924800e+24 5.429800e+03 3.429500e+12
-1.147100e+07 -2.291000e+07 -6.952700e+06 0.000000e+00 0.000000e+00 0.000000e+00 2.924800e+24 5.429800e+03 3.429500e+12
-3.084800e+06 -2.487200e+07 -8.754500e+06 0.000000e+00 0.000000e+00 0.000000e+00 2.924800e+24 5.429800e+03 3.429500e+12
5.701600e+06 -2.453400e+07 -8.389500e+06 0.000000e+00 0.000000e+00 0.000000e+00 2.924800e+24 5.429800e+03 3.429500e+12
1.372500e+07 -2.196100e+07 -5.843700e+06 0.000000e+00 0.000000e+00 0.000000e+00 2.924800e+24 5.429800e+03 3.429500e+12
1.989400e+07 -1.752400e+07 -1.397500e+06 0.000000e+00 0.000000e+00 0.000000e+00 2.924800e+24 5.429800e+03 3.429500e+12
2.334000e+07 -1.186100e+07 4.398600e+06 0.000000e+00 0.000000e+00 0.000000e+00 2.924800e+24 5.429800e+03 3.429500e+12
2.355300e+07 -5.803200e+06 1.078800e+07 0.000000e+00 0.000000e+00 0.000000e+00 2.924800e+24 5.429800e+03 3.429500e+12
2.047000e+07 -2.626300e+05 1.690300e+07 0.000000e+00 0.000000e+00 0.000000e+00 2.924800e+24 5.429800e+03 3.429500e+12
1.451000e+07 3.891800e+06 2.188800e+07 0.000000e+00 0.000000e+00 0.000000e+00 2.924800e+24 5.429800e+03 3.429500e+12
6.541400e+06 5.969000e+06 2.502700e+07 0.000000e+00 0.000000e+00 0.000000e+00 2.924800e+24 5.429800e+03 3.429500e+12
-2.225400e+06 5.572000e+06 2.586100e+07 0.000000e+00 0.000000e+00 0.000000e+00 2.924800e+24 5.429800e+03 3.429500e+12
-1.040300e+07 2.680300e+06 2.427700e+07 0.000000e+00 0.000000e+00 0.000000e+00 2.924800e+24 5.429800e+03 3.429500e+12
-1.664200e+07 -2.320200e+06 2.055400e+07 0.000000e+00 0.000000e+00 0.000000e+00 2.924800e+24 5.429800e+03 3.429500e+12
-1.985600e+07 -8.671300e+06 1.534100e+07 0.000000e+00 0.000000e+00 0.000000e+00 2.924800e+24 5.429800e+03 3.429500e+12
-1.943200e+07 -1.534300e+07 9.579600e+06 0.000000e+00 0.000000e+00 0.000000e+00 2.924800e+24 5.429800e+03 3.429500e+12
-1.538000e+07 -2.119600e+07 4.357800e+06 0.000000e+00 0.000000e+00 0.000000e+00 2.924800e+24 5.429800e+03 3.429500e+12
-8.385000e+06 -2.517900e+07 7.225600e+05 0.000000e+00 0.000000e+00 0.000000e+00 2.924800e+24 5.429800e+03 3.429500e+12
2.549400e+05 -2.654100e+07 -5.249300e+05 0.000000e+00 0.000000e+00 0.000000e+00 2.924800e+24 5.429800e+03 3.429500e+12
8.829900e+06 -2.501700e+07 9.844700e+05 0.000000e+00 0.000000e+00 0.000000e+00 2.924800e+24 5.429800e+03 3.429500e+12
1.552800e+07 -2.092900e+07 5.062700e+06 0.000000e+00 0.000000e+00 0.000000e+00 2.924800e+24 5.429800e+03 3.429500e+12
1.882300e+07 -1.519300e+07 1.093900e+07 0.000000e+00 0.000000e+00 0.000000e+00 2.924800e+24 5.429800e+03 3.429500e+12
1.786100e+07 -9.178700e+06 1.736500e+07 0.000000e+00 0.000000e+00 0.000000e+00 2.924800e+24 5.429800e+03 3.429500e+12
1.276600e+07 -4.440100e+06 2.285000e+07 0.000000e+00 0.000000e+00 0.000000e+00 2.924800e+24 5.429800e+03 3.429500e+12
4.754400e+06 -2.339700e+06 2.601400e+07 0.000000e+00 0.000000e+00 0.000000e+00 2.924800e+24 5.429800e+03 3.429500e+12
-4.024000e+06 -3.639300e+06 2.598800e+07 0.000000e+00 0.000000e+00 0.000000e+00 2.924800e+24 5.429800e+03 3.429500e+12
-1.095400e+07 -8.165200e+06 2.276200e+07 0.000000e+00 0.000000e+00 0.000000e+00 2.924800e+24 5.429800e+03 3.429500e+12
-1.370400e+07 -1.467700e+07 1.736500e+07 0.000000e+00 0.000000e+00 0.000000e+00 2.924800e+24 5.429800e+03 3.429500e+12
-1.111000e+07 -2.106600e+07 1.172900e+07 0.000000e+00 0.000000e+00 0.000000e+00 2.924800e+24 5.429800e+03 3.429500e+12
-3.911400e+06 -2.495500e+07 8.170400e+06 0.000000e+00 0.000000e+00 0.000000e+00 2.924800e+24 5.429800e+03 3.429500e+12
5.018000e+06 -2.464500e+07 8.497700e+06 0.000000e+00 0.000000e+00 0.000000e+00 2.924800e+24 5.429800e+03 3.429500e+12
1.138600e+07 -2.018100e+07 1.295700e+07 0.000000e+00 0.000000e+00 0.000000e+00 2.924800e+24 5.429800e+03 3.429500e+12
1.137100e+07 -1.399100e+07 1.948700e+07 0.000000e+00 0.000000e+00 0.000000e+00 2.924800e+24 5.429800e+03 3.429500e+12
4.447500e+06 -1.036500e+07 2.403300e+07 0.000000e+00 0.000000e+00 0.000000e+00 2.924800e+24 5.429800e+03 3.429500e+12
-4.210500e+06 -1.290800e+07 2.281300e+07 0.000000e+00 0.000000e+00 0.000000e+00 2.924800e+24 5.429800e+03 3.429500e+12
-5.065500e+06 -1.987300e+07 1.685800e+07 0.000000e+00 0.000000e+00 0.000000e+00 2.924800e+24 5.429800e+03 3.429500e+12
4.175200e+06 -2.072400e+07 1.605900e+07 0.000000e+00 0.000000e+00 0.000000e+00 2.924800e+24 5.429800e+03 3.429500e+12
1.279300e+06 -1.829700e+07 1.919300e+07 0.000000e+00 0.000000e+00 0.000000e+00 2.924800e+24 5.429800e+03 3.429500e+12
-1.646400e+07 2.481700e+07 1.739000e+07 0.000000e+00 0.000000e+00 0.000000e+00 2.924500e+24 2.960800e+03 1.467100e+12
-1.255400e+07 2.857900e+07 1.466300e+07 0.000000e+00 0.000000e+00 0.000000e+00 2.924500e+24 2.960800e+03 1.467100e+12
-9.261700e+06 2.483100e+07 2.206800e+07 0.000000e+00 0.000000e+00 0.000000e+00 2.924500e+24 2.960800e+03 1.467100e+12
-1.516800e+07 1.794300e+07 2.524600e+07 0.000000e+00 0.000000e+00 0.000000e+00 2.924500e+24 2.960800e+03 1.467100e+12
-2.335400e+07 1.524300e+07 2.028800e+07 0.000000e+00 0.000000e+00 0.000000e+00 2.924500e+24 2.960800e+03 1.467100e+12
-2.682800e+07 1.847500e+07 1.132700e+07 0.000000e+00 0.000000e+00 0.000000e+00 2.924500e+24 2.960800e+03 1.467100e+12
-2.336200e+07 2.501700e+07 4.212400e+06 0.000000e+00 0.000000e+00 0.000000e+00 2.924500e+24 2.960800e+03 1.467100e+12
-1.501400e+07 3.093800e+07 2.605800e+06 0.000000e+00 0.000000e+00 0.000000e+00 2.924500e+24 2.960800e+03 1.467100e+12
-5.809700e+06 3.328500e+07 6.911000e+06 0.000000e+00 0.000000e+00 0.000000e+00 2.924500e+24 2.960800e+03 1.467100e+12
4.841700e+05 3.105500e+07 1.499100e+07 0.000000e+00 0.000000e+00 0.000000e+00 2.924500e+24 2.960800e+03 1.467100e+12
1.711300e+06 2.510400e+07 2.358400e+07 0.000000e+00 0.000000e+00 0.000000e+00 2.924500e+24 2.960800e+03 1.467100e+12
-2.290300e+06 1.745000e+07 2.965900e+07 0.000000e+00 0.000000e+00 0.000000e+00 2.924500e+24 2.960800e+03 1.467100e+12
-1.003000e+07 1.041500e+07 3.131000e+07 0.000000e+00 0.000000e+00 0.000000e+00 2.924500e+24 2.960800e+03 1.467100e+12
-1.908800e+07 5.905300e+06 2.811000e+07 0.000000e+00 0.000000e+00 0.000000e+00 2.924500e+24 2.960800e+03 1.467100e+12
-2.691900e+07 4.964000e+06 2.097900e+07 0.000000e+00 0.000000e+00 0.000000e+00 2.924500e+24 2.960800e+03 1.467100e+12
-3.151100e+07 7.642700e+06 1.174800e+07 0.000000e+00 0.000000e+00 0.000000e+00 2.924500e+24 2.960800e+03 1.467100e+12
-3.178500e+07 1.312700e+07 2.602000e+06 0.000000e+00 0.000000e+00 0.000000e+00 2.924500e+24 2.960800e+03 1.467100e+12
-2.771700e+07 2.003200e+07 -4.460100e+06 0.000000e+00 0.000000e+00 0.000000e+00 2.924500e+24 2.960800e+03 1.467100e+12
-2.021300e+07 2.676600e+07 -8.025900e+06 0.000000e+00 0.000000e+00 0.000000e+00 2.924500e+24 2.960800e+03 1.467100e+12
-1.082200e+07 3.187800e+07 -7.489800e+06 0.000000e+00 0.000000e+00 0.000000e+00 2.924500e+24 2.960800e+03 1.467100e+12
-1.364000e+06 3.432200e+07 -3.084800e+06 0.000000e+00 0.000000e+00 0.000000e+00 2.924500e+24 2.960800e+03 1.467100e+12
6.432900e+06 3.361500e+07 4.245400e+06 0.000000e+00 0.000000e+00 0.000000e+00 2.924500e+24 2.960800e+03 1.467100e+12
1.123600e+07 2.986600e+07 1.308200e+07 0.000000e+00 0.000000e+00 0.000000e+00 2.924500e+24 2.960800e+03 1.467100e+12
1.230100e+07 2.370800e+07 2.181700e+07 0.000000e+00 0.000000e+00 0.000000e+00 2.924500e+24 2.960800e+03 1.467100e+12
9.546000e+06 1.614600e+07 2.894100e+07 0.000000e+00 0.000000e+00 0.000000e+00 2.924500e+24 2.960800e+03 1.467100e+12
3.514900e+06 8.366700e+06 3.327200e+07 0.000000e+00 0.000000e+00 0.000000e+00 2.924500e+24 2.960800e+03 1.467100e+12
-4.758000e+06 1.538900e+06 3.412300e+07 0.000000e+00 0.000000e+00 0.000000e+00 2.924500e+24 2.960800e+03 1.467100e+12
-1.393800e+07 -3.362400e+06 3.136600e+07 0.000000e+00 0.000000e+00 0.000000e+00 2.924500e+24 2.960800e+03 1.467100e+12
-2.260900e+07 -5.687300e+06 2.541400e+07 0.000000e+00 0.000000e+00 0.000000e+00 2.924500e+24 2.960800e+03 1.467100e+12
-2.948100e+07 -5.183400e+06 1.712900e+07 0.000000e+00 0.000000e+00 0.000000e+00 2.924500e+24 2.960800e+03 1.467100e+12
-3.356400e+07 -2.007200e+06 7.670500e+06 0.000000e+00 0.000000e+00 0.000000e+00 2.924500e+24 2.960800e+03 1.467100e+12
-3.428600e+07 3.321300e+06 -1.677900e+06 0.000000e+00 0.000000e+00 0.000000e+00 2.924500e+24 2.960800e+03 1.467100e+12
-3.154900e+07 1.000800e+07 -9.689400e+06 0.000000e+00 0.000000e+00 0.000000e+00 2.924500e+24 2.960800e+03 1.467100e+12
-2.571300e+07 1.710500e+07 -1.535100e+07 0.000000e+00 0.000000e+00 0.000000e+00 2.924500e+24 2.960800e+03 1.467100e+12
-1.753000e+07 2.363600e+07 -1.798500e+07 0.000000e+00 0.000000e+00 0.000000e+00 2.924500e+24 2.960800e+03 1.467100e+12
-8.029200e+06 2.872500e+07 -1.731400e+07 0.000000e+00 0.000000e+00 0.000000e+00 2.924500e+24 2.960800e+03 1.467100e+12
1.622700e+06 3.170100e+07 -1.348300e+07 0.000000e+00 0.000000e+00 0.000000e+00 2.924500e+24 2.960800e+03 1.467100e+12
1.027000e+07 3.216600e+07 -7.019700e+06 0.000000e+00 0.000000e+00 0.000000e+00 2.924500e+24 2.960800e+03 1.467100e+12
1.690400e+07 3.003500e+07 1.242300e+06 0.000000e+00 0.000000e+00 0.000000e+00 2.924500e+24 2.960800e+03 1.467100e+12
2.078100e+07 2.553400e+07 1.027500e+07 0.000000e+00 0.000000e+00 0.000000e+00 2.924500e+24 2.960800e+03 1.467100e+12
2.149200e+07 1.916100e+07 1.898200e+07 0.000000e+00 0.000000e+00 0.000000e+00 2.924500e+24 2.960800e+03 1.467100e+12
1.900500e+07 1.162100e+07 2.632800e+07 0.000000e+00 0.000000e+00 0.000000e+00 2.924500e+24 2.960800e+03 1.467100e+12
1.365200e+07 3.737400e+06 3.144900e+07 0.000000e+00 0.000000e+00 0.000000e+00 2.924500e+24 2.960800e+03 1.467100e+12
6.079900e+06 -3.642300e+06 3.375100e+07 0.000000e+00 0.000000e+00 0.000000e+00 2.924500e+24 2.960800e+03 1.467100e+12
-2.826400e+06 -9.741000e+06 3.296200e+07 0.000000e+00 0.000000e+00 0.000000e+00 2.924500e+24 2.960800e+03 1.467100e+12
-1.205100e+07 -1.393500e+07 2.915400e+07 0.000000e+00 0.000000e+00 0.000000e+00 2.924500e+24 2.960800e+03 1.467100e+12
-2.055800e+07 -1.581900e+07 2.272700e+07 0.000000e+00 0.000000e+00 0.000000e+00 2.924500e+24 2.960800e+03 1.467100e+12
-2.740500e+07 -1.523900e+07 1.435700e+07 0.000000e+00 0.000000e+00 0.000000e+00 2.924500e+24 2.960800e+03 1.467100e+12
-3.183800e+07 -1.230900e+07 4.918900e+06 0.000000e+00 0.000000e+00 0.000000e+00 2.924500e+24 2.960800e+03 1.467100e+12
-3.336900e+07 -7.390000e+06 -4.610700e+06 0.000000e+00 0.000000e+00 0.000000e+00 2.924500e+24 2.960800e+03 1.467100e+12
-3.182000e+07 -1.046700e+06 -1.325700e+07 0.000000e+00 0.000000e+00 0.000000e+00 2.924500e+24 2.960800e+03 1.467100e+12
-2.733700e+07 6.013500e+06 -2.014800e+07 0.000000e+00 0.000000e+00 0.000000e+00 2.924500e+24 2.960800e+03 1.467100e+12
-2.036500e+07 1.301600e+07 -2.460100e+07 0.000000e+00 0.000000e+00 0.000000e+00 2.924500e+24 2.960800e+03 1.467100e+12
-1.160600e+07 1.920000e+07 -2.619300e+07 0.000000e+00 0.000000e+00 0.000000e+00 2.924500e+24 2.960800e+03 1.467100e+12
-1.933600e+06 2.389400e+07 -2.479400e+07 0.000000e+00 0.000000e+00 0.000000e+00 2.924500e+24 2.960800e+03 1.467100e+12
7.689200e+06 2.658300e+07 -2.058200e+07 0.000000e+00 0.000000e+00 0.000000e+00 2.924500e+24 2.960800e+03 1.467100e+12
1.631200e+07 2.696000e+07 -1.401600e+07 0.000000e+00 0.000000e+00 0.000000e+00 2.924500e+24 2.960800e+03 1.467100e+12
2.309200e+07 2.495200e+07 -5.792100e+06 0.000000e+00 0.000000e+00 0.000000e+00 2.924500e+24 2.960800e+03 1.467100e+12
2.737500e+07 2.072500e+07 3.233600e+06 0.000000e+00 0.000000e+00 0.000000e+00 2.924500e+24 2.960800e+03 1.467100e+12
2.876000e+07 1.466900e+07 1.212700e+07 0.000000e+00 0.000000e+00 0.000000e+00 2.924500e+24 2.960800e+03 1.467100e+12
2.713700e+07 7.351100e+06 1.997300e+07 0.000000e+00 0.000000e+00 0.000000e+00 2.924500e+24 2.960800e+03 1.467100e+12
2.269600e+07 -5.343500e+05 2.596100e+07 0.000000e+00 0.000000e+00 0.000000e+00 2.924500e+24 2.960800e+03 1.467100e+12
1.590700e+07 -8.240400e+06 2.947000e+07 0.000000e+00 0.000000e+00 0.000000e+00 2.924500e+24 2.960800e+03 1.467100e+12
7.470000e+06 -1.503900e+07 3.012300e+07 0.000000e+00 0.000000e+00 0.000000e+00 2.924500e+24 2.960800e+03 1.467100e+12
-1.749500e+06 -2.029200e+07 2.783100e+07 0.000000e+00 0.000000e+00 0.000000e+00 2.924500e+24 2.960800e+03 1.467100e+12
-1.081000e+07 -2.351600e+07 2.279300e+07 0.000000e+00 0.000000e+00 0.000000e+00 2.924500e+24 2.960800e+03 1.467100e+12
-1.878700e+07 -2.442800e+07 1.548300e+07 0.000000e+00 0.000000e+00 0.000000e+00 2.924500e+24 2.960800e+03 1.467100e+12
-2.486000e+07 -2.297400e+07 6.598000e+06 0.000000e+00 0.000000e+00 0.000000e+00 2.924500e+24 2.960800e+03 1.467100e+12
-2.839900e+07 -1.933600e+07 -3.004200e+06 0.000000e+00 0.000000e+00 0.000000e+00 2.924500e+24 2.960800e+03 1.467100e+12
-2.902100e+07 -1.391200e+07 -1.239400e+07 0.000000e+00 0.000000e+00 0.000000e+00 2.924500e+24 2.960800e+03 1.467100e+12
-2.663600e+07 -7.279600e+06 -2.066100e+07 0.000000e+00 0.000000e+00 0.000000e+00 2.924500e+24 2.960800e+03 1.467100e+12
-2.145300e+07 -1.405400e+05 -2.700200e+07 0.000000e+00 0.000000e+00 0.000000e+00 2.924500e+24 2.960800e+03 1.467100e+12
-1.396100e+07 6.750700e+06 -3.080400e+07 0.000000e+00 0.000000e+00 0.000000e+00 2.924500e+24 2.960800e+03 1.467100e+12
-4.886200e+06 1.266000e+07 -3.170500e+07 0.000000e+00 0.000000e+00 0.000000e+00 2.924500e+24 2.960800e+03 1.467100e+12
4.883500e+06 1.694800e+07 -2.963600e+07 0.000000e+00 0.000000e+00 0.000000e+00 2.924500e+24 2.960800e+03 1.467100e+12
1.438200e+07 1.913600e+07 -2.482600e+07 0.000000e+00 0.000000e+00 0.000000e+00 2.924500e+24 2.960800e+03 1.467100e+12
2.266400e+07 1.895600e+07 -1.778700e+07 0.000000e+00 0.000000e+00 0.000000e+00 2.924500e+24 2.960800e+03 1.467100e+12
2.890200e+07 1.637800e+07 -9.263900e+06 0.000000e+00 0.000000e+00 0.000000e+00 2.924500e+24 2.960800e+03 1.467100e+12
3.247000e+07 1.162200e+07 -1.599000e+05 0.000000e+00 0.000000e+00 0.000000e+00 2.924500e+24 2.960800e+03 1.467100e+12
3.301300e+07 5.135700e+06 8.551200e+06 0.000000e+00 0.000000e+00 0.000000e+00 2.924500e+24 2.960800e+03 1.467100e+12
3.049100e+07 -2.448800e+06 1.592700e+07 0.000000e+00 0.000000e+00 0.000000e+00 2.924500e+24 2.960800e+03 1.467100e+12
2.518500e+07 -1.037500e+07 2.115300e+07 0.000000e+00 0.000000e+00 0.000000e+00 2.924500e+24 2.960800e+03 1.467100e+12
1.767300e+07 -1.784200e+07 2.363700e+07 0.000000e+00 0.000000e+00 0.000000e+00 2.924500e+24 2.960800e+03 1.467100e+12
8.781800e+06 -2.408500e+07 2.306900e+07 0.000000e+00 0.000000e+00 0.000000e+00 2.924500e+24 2.960800e+03 1.467100e+12
-5.045200e+05 -2.846400e+07 1.946500e+07 0.000000e+00 0.000000e+00 0.000000e+00 2.924500e+24 2.960800e+03 1.467100e+12
-9.142100e+06 -3.053100e+07 1.317700e+07 0.000000e+00 0.000000e+00 0.000000e+00 2.924500e+24 2.960800e+03 1.467100e+12
-1.614200e+07 -3.008700e+07 4.855400e+06 0.000000e+00 0.000000e+00 0.000000e+00 2.924500e+24 2.960800e+03 1.467100e+12
-2.068300e+07 -2.721000e+07 -4.609800e+06 0.000000e+00 0.000000e+00 0.000000e+00 2.924500e+24 2.960800e+03 1.467100e+12
-2.220400e+07 -2.225400e+07 -1.418300e+07 0.000000e+00 0.000000e+00 0.000000e+00 2.924500e+24 2.960800e+03 1.467100e+12
-2.048200e+07 -1.581900e+07 -2.279500e+07 0.000000e+00 0.000000e+00 0.000000e+00 2.924500e+24 2.960800e+03 1.467100e+12
-1.566500e+07 -8.689500e+06 -2.947000e+07 0.000000e+00 0.000000e+00 0.000000e+00 2.924500e+24 2.960800e+03 1.467100e+12
-8.270100e+06 -1.747300e+06 -3.343600e+07 0.000000e+00 0.000000e+00 0.000000e+00 2.924500e+24 2.960800e+03 1.467100e+12
8.678900e+05 4.127700e+06 -3.422900e+07 0.000000e+00 0.000000e+00 0.000000e+00 2.924500e+24 2.960800e+03 1.467100e+12
1.068100e+07 8.164400e+06 -3.175900e+07 0.000000e+00 0.000000e+00 0.000000e+00 2.924500e+24 2.960800e+03 1.467100e+12
1.999000e+07 9.799400e+06 -2.633900e+07 0.000000e+00 0.000000e+00 0.000000e+00 2.924500e+24 2.960800e+03 1.467100e+12
2.765100e+07 8.756500e+06 -1.865900e+07 0.000000e+00 0.000000e+00 0.000000e+00 2.924500e+24 2.960800e+03 1.467100e+12
3.269500e+07 5.094900e+06 -9.717700e+06 0.000000e+00 0.000000e+00 0.000000e+00 2.924500e+24 2.960800e+03 1.467100e+12
3.447100e+07 -7.823800e+05 -7.096500e+05 0.000000e+00 0.000000e+00 0.000000e+00 2.924500e+24 2.960800e+03 1.467100e+12
3.274100e+07 -8.164300e+06 7.125900e+06 0.000000e+00 0.000000e+00 0.000000e+00 2.924500e+24 2.960800e+03 1.467100e+12
2.773600e+07 -1.611200e+07 1.266900e+07 0.000000e+00 0.000000e+00 0.000000e+00 2.924500e+24 2.960800e+03 1.467100e+12
2.015500e+07 -2.357400e+07 1.508000e+07 0.000000e+00 0.000000e+00 0.000000e+00 2.924500e+24 2.960800e+03 1.467100e+12
1.108800e+07 -2.953300e+07 1.393800e+07 0.000000e+00 0.000000e+00 0.000000e+00 2.924500e+24 2.960800e+03 1.467100e+12
1.883300e+06 -3.314900e+07 9.325300e+06 0.000000e+00 0.000000e+00 0.000000e+00 2.924500e+24 2.960800e+03 1.467100e+12
-6.033100e+06 -3.390500e+07 1.848900e+06 0.000000e+00 0.000000e+00 0.000000e+00 2.924500e+24 2.960800e+03 1.467100e+12
-1.137600e+07 -3.170200e+07 -7.413900e+06 0.000000e+00 0.000000e+00 0.000000e+00 2.924500e+24 2.960800e+03 1.467100e+12
-1.321100e+07 -2.690800e+07 -1.705300e+07 0.000000e+00 0.000000e+00 0.000000e+00 2.924500e+24 2.960800e+03 1.467100e+12
-1.113900e+07 -2.033600e+07 -2.552900e+07 0.000000e+00 0.000000e+00 0.000000e+00 2.924500e+24 2.960800e+03 1.467100e+12
-5.402100e+06 -1.314300e+07 -3.142400e+07 0.000000e+00 0.000000e+00 0.000000e+00 2.924500e+24 2.960800e+03 1.467100e+12
3.096300e+06 -6.654800e+06 -3.369700e+07 0.000000e+00 0.000000e+00 0.000000e+00 2.924500e+24 2.960800e+03 1.467100e+12
1.289700e+07 -2.146000e+06 -3.191300e+07 0.000000e+00 0.000000e+00 0.000000e+00 2.924500e+24 2.960800e+03 1.467100e+12
2.220500e+07 -5.902900e+05 -2.638100e+07 0.000000e+00 0.000000e+00 0.000000e+00 2.924500e+24 2.960800e+03 1.467100e+12
2.920800e+07 -2.437700e+06 -1.817600e+07 0.000000e+00 0.000000e+00 0.000000e+00 2.924500e+24 2.960800e+03 1.467100e+12
3.244500e+07 -7.461700e+06 -9.001700e+06 0.000000e+00 0.000000e+00 0.000000e+00 2.924500e+24 2.960800e+03 1.467100e+12
3.117300e+07 -1.472600e+07 -9.006100e+05 0.000000e+00 0.000000e+00 0.000000e+00 2.924500e+24 2.960800e+03 1.467100e+12
2.562300e+07 -2.270400e+07 4.170000e+06 0.000000e+00 0.000000e+00 0.000000e+00 2.924500e+24 2.960800e+03 1.467100e+12
1.709000e+07 -2.956500e+07 4.821900e+06 0.000000e+00 0.000000e+00 0.000000e+00 2.924500e+24 2.960800e+03 1.467100e+12
7.757700e+06 -3.359700e+07 6.803300e+05 0.000000e+00 0.000000e+00 0.000000e+00 2.924500e+24 2.960800e+03 1.467100e+12
2.534300e+05 -3.369600e+07 -7.343600e+06 0.000000e+00 0.000000e+00 0.000000e+00 2.924500e+24 2.960800e+03 1.467100e+12
-3.048100e+06 -2.980300e+07 -1.708500e+07 0.000000e+00 0.000000e+00 0.000000e+00 2.924500e+24 2.960800e+03 1.467100e+12
-8.327000e+05 -2.313500e+07 -2.556300e+07 0.000000e+00 0.000000e+00 0.000000e+00 2.924500e+24 2.960800e+03 1.467100e+12
6.455500e+06 -1.604900e+07 -2.983500e+07 0.000000e+00 0.000000e+00 0.000000e+00 2.924500e+24 2.960800e+03 1.467100e+12
1.634000e+07 -1.142100e+07 -2.814100e+07 0.000000e+00 0.000000e+00 0.000000e+00 2.924500e+24 2.960800e+03 1.467100e+12
2.479500e+07 -1.156000e+07 -2.099900e+07 0.000000e+00 0.000000e+00 0.000000e+00 2.924500e+24 2.960800e+03 1.467100e+12
2.769600e+07 -1.689100e+07 -1.170600e+07 0.000000e+00 0.000000e+00 0.000000e+00 2.924500e+24 2.960800e+03 1.467100e+12
2.312400e+07 -2.497600e+07 -5.557400e+06 0.000000e+00 0.000000e+00 0.000000e+00 2.924500e+24 2.960800e+03 1.467100e+12
1.371600e+07 -3.081400e+07 -7.192700e+06 0.000000e+00 0.000000e+00 0.000000e+00 2.924500e+24 2.960800e+03 1.467100e+12
7.143600e+06 -2.956000e+07 -1.626500e+07 0.000000e+00 0.000000e+00 0.000000e+00 2.924500e+24 2.960800e+03 1.467100e+12
1.141600e+07 -2.217700e+07 -2.381700e+07 0.000000e+00 0.000000e+00 0.000000e+00 2.924500e+24 2.960800e+03 1.467100e+12
2.105900e+07 -2.085300e+07 -1.763700e+07 0.000000e+00 0.000000e+00 0.000000e+00 2.924500e+24 2.960800e+03 1.467100e+12
1.646400e+07 -2.481700e+07 -1.739000e+07 0.000000e+00 0.000000e+00 0.000000e+00 2.924500e+24 2.960800e+03 1.467100e+12
-9.086500e+06 -2.891900e+06 -4.346900e+07 0.000000e+00 0.000000e+00 0.000000e+00 2.920500e+24 1.203300e+03 4.157900e+11
-9.134900e+05 -3.754100e+06 -4.433400e+07 0.000000e+00 0.000000e+00 0.000000e+00 2.920500e+24 1.203300e+03 4.157900e+11
-4.460000e+06 7.839600e+06 -4.357900e+07 0.000000e+00 0.000000e+00 0.000000e+00 2.920500e+24 1.203300e+03 4.157900e+11
-1.707700e+07 8.525100e+06 -4.020100e+07 0.000000e+00 0.000000e+00 0.000000e+00 2.920500e+24 1.203300e+03 4.157900e+11
-2.435800e+07 -2.464600e+06 -3.716300e+07 0.000000e+00 0.000000e+00 0.000000e+00 2.920500e+24 1.203300e+03 4.157900e+11
-2.038900e+07 -1.564900e+07 -3.633000e+07 0.000000e+00 0.000000e+00 0.000000e+00 2.920500e+24 1.203300e+03 4.157900e+11
-8.156100e+06 -2.226100e+07 -3.766100e+07 0.000000e+00 0.000000e+00 0.000000e+00 2.920500e+24 1.203300e+03 4.157900e+11
5.349800e+06 -1.892500e+07 -3.992100e+07 0.000000e+00 0.000000e+00 0.000000e+00 2.920500e+24 1.203300e+03 4.157900e+11
1.373300e+07 -7.608800e+06 -4.164100e+07 0.000000e+00 0.000000e+00 0.000000e+00 2.920500e+24 1.203300e+03 4.157900e+11
1.373500e+07 6.650100e+06 -4.180400e+07 0.000000e+00 0.000000e+00 0.000000e+00 2.920500e+24 1.203300e+03 4.157900e+11
5.709000e+06 1.838700e+07 -4.012200e+07 0.000000e+00 0.000000e+00 0.000000e+00 2.920500e+24 1.203300e+03 4.157900e+11
-7.271800e+06 2.367400e+07 -3.697400e+07 0.000000e+00 0.000000e+00 0.000000e+00 2.920500e+24 1.203300e+03 4.157900e+11
-2.091400e+07 2.105400e+07 -3.316300e+07 0.000000e+00 0.000000e+00 0.000000e+00 2.920500e+24 1.203300e+03 4.157900e+11
-3.116500e+07 1.153100e+07 -2.960100e+07 0.000000e+00 0.000000e+00 0.000000e+00 2.920500e+24 1.203300e+03 4.157900e+11
-3.527500e+07 -2.101900e+06 -2.704900e+07 0.000000e+00 0.000000e+00 0.000000e+00 2.920500e+24 1.203300e+03 4.157900e+11
-3.230400e+07 -1.624200e+07 -2.594400e+07 0.000000e+00 0.000000e+00 0.000000e+00 2.920500e+24 1.203300e+03 4.157900e+11
-2.309200e+07 -2.745000e+07 -2.633900e+07 0.000000e+00 0.000000e+00 0.000000e+00 2.920500e+24 1.203300e+03 4.157900e+11
-9.846400e+06 -3.321000e+07 -2.793900e+07 0.000000e+00 0.000000e+00 0.000000e+00 2.920500e+24 1.203300e+03 4.157900e+11
4.500000e+06 -3.236700e+07 -3.020800e+07 0.000000e+00 0.000000e+00 0.000000e+00 2.920500e+24 1.203300e+03 4.157900e+11
1.697500e+07 -2.521100e+07 -3.250700e+07 0.000000e+00 0.000000e+00 0.000000e+00 2.920500e+24 1.203300e+03 4.157900e+11
2.515800e+07 -1.326900e+07 -3.422600e+07 0.000000e+00 0.000000e+00 0.000000e+00 2.920500e+24 1.203300e+03 4.157900e+11
2.758500e+07 1.102200e+06 -3.490400e+07 0.000000e+00 0.000000e+00 0.000000e+00 2.920500e+24 1.203300e+03 4.157900e+11
2.392800e+07 1.522600e+07 -3.429400e+07 0.000000e+00 0.000000e+00 0.000000e+00 2.920500e+24 1.203300e+03 4.157900e+11
1.495700e+07 2.660200e+07 -3.239000e+07 0.000000e+00 0.000000e+00 0.000000e+00 2.920500e+24 1.203300e+03 4.157900e+11
2.315700e+06 3.332000e+07 -2.940900e+07 0.000000e+00 0.000000e+00 0.000000e+00 2.920500e+24 1.203300e+03 4.157900e+11
-1.181100e+07 3.433000e+07 -2.573700e+07 0.000000e+00 0.000000e+00 0.000000e+00 2.920500e+24 1.203300e+03 4.157900e+11
-2.509200e+07 2.954800e+07 -2.185700e+07 0.000000e+00 0.000000e+00 0.000000e+00 2.920500e+24 1.203300e+03 4.157900e+11
-3.542100e+07 1.980400e+07 -1.826400e+07 0.000000e+00 0.000000e+00 0.000000e+00 2.920500e+24 1.203300e+03 4.157900e+11
-4.122100e+07 6.657500e+06 -1.539200e+07 0.000000e+00 0.000000e+00 0.000000e+00 2.920500e+24 1.203300e+03 4.157900e+11
-4.165000e+07 -7.880500e+06 -1.354900e+07 0.000000e+00 0.000000e+00 0.000000e+00 2.920500e+24 1.203300e+03 4.157900e+11
-3.667600e+07 -2.166200e+07 -1.288700e+07 0.000000e+00 0.000000e+00 0.000000e+00 2.920500e+24 1.203300e+03 4.157900e+11
-2.703900e+07 -3.271500e+07 -1.338000e+07 0.000000e+00 0.000000e+00 0.000000e+00 2.920500e+24 1.203300e+03 4.157900e+11
-1.411100e+07 -3.950900e+07 -1.484500e+07 0.000000e+00 0.000000e+00 0.000000e+00 2.920500e+24 1.203300e+03 4.157900e+11
3.263600e+05 -4.113800e+07 -1.696900e+07 0.000000e+00 0.000000e+00 0.000000e+00 2.920500e+24 1.203300e+03 4.157900e+11
1.433300e+07 -3.741900e+07 -1.935900e+07 0.000000e+00 0.000000e+00 0.000000e+00 2.920500e+24 1.203300e+03 4.157900e+11
2.607800e+07 -2.887900e+07 -2.159700e+07 0.000000e+00 0.000000e+00 0.000000e+00 2.920500e+24 1.203300e+03 4.157900e+11
3.406400e+07 -1.665800e+07 -2.329400e+07 0.000000e+00 0.000000e+00 0.000000e+00 2.920500e+24 1.203300e+03 4.157900e+11
3.731200e+07 -2.344800e+06 -2.414000e+07 0.000000e+00 0.000000e+00 0.000000e+00 2.920500e+24 1.203300e+03 4.157900e+11
3.546200e+07 1.224200e+07 -2.393800e+07 0.000000e+00 0.000000e+00 0.000000e+00 2.920500e+24 1.203300e+03 4.157900e+11
2.879300e+07 2.528700e+07 -2.262600e+07 0.000000e+00 0.000000e+00 0.000000e+00 2.920500e+24 1.203300e+03 4.157900e+11
1.817400e+07 3.519700e+07 -2.028000e+07 0.000000e+00 0.000000e+00 0.000000e+00 2.920500e+24 1.203300e+03 4.157900e+11
4.938000e+06 4.078800e+07 -1.710000e+07 0.000000e+00 0.000000e+00 0.000000e+00 2.920500e+24 1.203300e+03 4.157900e+11
-9.290700e+06 4.141300e+07 -1.338100e+07 0.000000e+00 0.000000e+00 0.000000e+00 2.920500e+24 1.203300e+03 4.157900e+11
-2.279300e+07 3.702700e+07 -9.481600e+06 0.000000e+00 0.000000e+00 0.000000e+00 2.920500e+24 1.203300e+03 4.157900e+11
-3.396100e+07 2.817400e+07 -5.772500e+06 0.000000e+00 0.000000e+00 0.000000e+00 2.920500e+24 1.203300e+03 4.157900e+11
-4.147900e+07 1.591100e+07 -2.599700e+06 0.000000e+00 0.000000e+00 0.000000e+00 2.920500e+24 1.203300e+03 4.157900e+11
-4.447000e+07 1.679800e+06 -2.422200e+05 0.000000e+00 0.000000e+00 0.000000e+00 2.920500e+24 1.203300e+03 4.157900e+11
-4.258600e+07 -1.287100e+07 1.117500e+06 0.000000e+00 0.000000e+00 0.000000e+00 2.920500e+24 1.203300e+03 4.157900e+11
-3.603800e+07 -2.607100e+07 1.412500e+06 0.000000e+00 0.000000e+00 0.000000e+00 2.920500e+24 1.203300e+03 4.157900e+11
-2.556500e+07 -3.641900e+07 6.973100e+05 0.000000e+00 0.000000e+00 0.000000e+00 2.920500e+24 1.203300e+03 4.157900e+11
-1.234100e+07 -4.274800e+07 -8.604600e+05 0.000000e+00 0.000000e+00 0.000000e+00 2.920500e+24 1.203300e+03 4.157900e+11
2.160300e+06 -4.434800e+07 -2.999800e+06 0.000000e+00 0.000000e+00 0.000000e+00 2.920500e+24 1.203300e+03 4.157900e+11
1.633200e+07 -4.104400e+07 -5.396600e+06 0.000000e+00 0.000000e+00 0.000000e+00 2.920500e+24 1.203300e+03 4.157900e+11
2.861200e+07 -3.320400e+07 -7.699700e+06 0.000000e+00 0.000000e+00 0.000000e+00 2.920500e+24 1.203300e+03 4.157900e+11
3.765600e+07 -2.169900e+07 -9.570000e+06 0.000000e+00 0.000000e+00 0.000000e+00 2.920500e+24 1.203300e+03 4.157900e+11
4.248200e+07 -7.802700e+06 -1.071800e+07 0.000000e+00 0.000000e+00 0.000000e+00 2.920500e+24 1.203300e+03 4.157900e+11
4.257400e+07 6.952800e+06 -1.093300e+07 0.000000e+00 0.000000e+00 0.000000e+00 2.920500e+24 1.203300e+03 4.157900e+11
3.794200e+07 2.094300e+07 -1.011000e+07 0.000000e+00 0.000000e+00 0.000000e+00 2.920500e+24 1.203300e+03 4.157900e+11
2.911500e+07 3.262800e+07 -8.256800e+06 0.000000e+00 0.000000e+00 0.000000e+00 2.920500e+24 1.203300e+03 4.157900e+11
1.708200e+07 4.072400e+07 -5.494500e+06 0.000000e+00 0.000000e+00 0.000000e+00 2.920500e+24 1.203300e+03 4.157900e+11
3.187100e+06 4.434100e+07 -2.045100e+06 0.000000e+00 0.000000e+00 0.000000e+00 2.920500e+24 1.203300e+03 4.157900e+11
-1.101800e+07 4.307900e+07 1.793600e+06 0.000000e+00 0.000000e+00 0.000000e+00 2.920500e+24 1.203300e+03 4.157900e+11
-2.394300e+07 3.708000e+07 5.680200e+06 0.000000e+00 0.000000e+00 0.000000e+00 2.920500e+24 1.203300e+03 4.157900e+11
-3.413500e+07 2.700600e+07 9.266500e+06 0.000000e+00 0.000000e+00 0.000000e+00 2.920500e+24 1.203300e+03 4.157900e+11
-4.043900e+07 1.397800e+07 1.223600e+07 0.000000e+00 0.000000e+00 0.000000e+00 2.920500e+24 1.203300e+03 4.157900e+11
-4.212500e+07 -5.501200e+05 1.434100e+07 0.000000e+00 0.000000e+00 0.000000e+00 2.920500e+24 1.203300e+03 4.157900e+11
-3.897500e+07 -1.494800e+07 1.542600e+07 0.000000e+00 0.000000e+00 0.000000e+00 2.920500e+24 1.203300e+03 4.157900e+11
-3.131400e+07 -2.758900e+07 1.545100e+07 0.000000e+00 0.000000e+00 0.000000e+00 2.920500e+24 1.203300e+03 4.157900e+11
-1.997900e+07 -3.703000e+07 1.449500e+07 0.000000e+00 0.000000e+00 0.000000e+00 2.920500e+24 1.203300e+03 4.157900e+11
-6.230200e+06 -4.217900e+07 1.274900e+07 0.000000e+00 0.000000e+00 0.000000e+00 2.920500e+24 1.203300e+03 4.157900e+11
8.382000e+06 -4.242600e+07 1.049700e+07 0.000000e+00 0.000000e+00 0.000000e+00 2.920500e+24 1.203300e+03 4.157900e+11
2.219200e+07 -3.771800e+07 8.082200e+06 0.000000e+00 0.000000e+00 0.000000e+00 2.920500e+24 1.203300e+03 4.157900e+11
3.360700e+07 -2.857500e+07 5.873300e+06 0.000000e+00 0.000000e+00 0.000000e+00 2.920500e+24 1.203300e+03 4.157900e+11
4.129400e+07 -1.604500e+07 4.218300e+06 0.000000e+00 0.000000e+00 0.000000e+00 2.920500e+24 1.203300e+03 4.157900e+11
4.434300e+07 -1.589700e+06 3.404800e+06 0.000000e+00 0.000000e+00 0.000000e+00 2.920500e+24 1.203300e+03 4.157900e+11
4.238300e+07 1.307600e+07 3.624300e+06 0.000000e+00 0.000000e+00 0.000000e+00 2.920500e+24 1.203300e+03 4.157900e+11
3.564200e+07 2.618500e+07 4.947000e+06 0.000000e+00 0.000000e+00 0.000000e+00 2.920500e+24 1.203300e+03 4.157900e+11
2.493500e+07 3.612900e+07 7.309100e+06 0.000000e+00 0.000000e+00 0.000000e+00 2.920500e+24 1.203300e+03 4.157900e+11
1.158300e+07 4.166100e+07 1.051800e+07 0.000000e+00 0.000000e+00 0.000000e+00 2.920500e+24 1.203300e+03 4.157900e+11
-2.734800e+06 4.206400e+07 1.426900e+07 0.000000e+00 0.000000e+00 0.000000e+00 2.920500e+24 1.203300e+03 4.157900e+11
-1.618200e+07 3.725400e+07 1.818600e+07 0.000000e+00 0.000000e+00 0.000000e+00 2.920500e+24 1.203300e+03 4.157900e+11
-2.699400e+07 2.782000e+07 2.185900e+07 0.000000e+00 0.000000e+00 0.000000e+00 2.920500e+24 1.203300e+03 4.157900e+11
-3.370800e+07 1.496900e+07 2.490300e+07 0.000000e+00 0.000000e+00 0.000000e+00 2.920500e+24 1.203300e+03 4.157900e+11
-3.537000e+07 3.968100e+05 2.700500e+07 0.000000e+00 0.000000e+00 0.000000e+00 2.920500e+24 1.203300e+03 4.157900e+11
-3.168600e+07 -1.392500e+07 2.797400e+07 0.000000e+00 0.000000e+00 0.000000e+00 2.920500e+24 1.203300e+03 4.157900e+11
-2.309400e+07 -2.600200e+07 2.776700e+07 0.000000e+00 0.000000e+00 0.000000e+00 2.920500e+24 1.203300e+03 4.157900e+11
-1.073700e+07 -3.409600e+07 2.650700e+07 0.000000e+00 0.000000e+00 0.000000e+00 2.920500e+24 1.203300e+03 4.157900e+11
3.664900e+06 -3.698600e+07 2.447500e+07 0.000000e+00 0.000000e+00 0.000000e+00 2.920500e+24 1.203300e+03 4.157900e+11
1.802900e+07 -3.418000e+07 2.207100e+07 0.000000e+00 0.000000e+00 0.000000e+00 2.920500e+24 1.203300e+03 4.157900e+11
3.020600e+07 -2.602400e+07 1.976800e+07 0.000000e+00 0.000000e+00 0.000000e+00 2.920500e+24 1.203300e+03 4.157900e+11
3.830200e+07 -1.370800e+07 1.804200e+07 0.000000e+00 0.000000e+00 0.000000e+00 2.920500e+24 1.203300e+03 4.157900e+11
4.099500e+07 8.701300e+05 1.729500e+07 0.000000e+00 0.000000e+00 0.000000e+00 2.920500e+24 1.203300e+03 4.157900e+11
3.779100e+07 1.535900e+07 1.778600e+07 0.000000e+00 0.000000e+00 0.000000e+00 2.920500e+24 1.203300e+03 4.157900e+11
2.916900e+07 2.731900e+07 1.957800e+07 0.000000e+00 0.000000e+00 0.000000e+00 2.920500e+24 1.203300e+03 4.157900e+11
1.657200e+07 3.462800e+07 2.251100e+07 0.000000e+00 0.000000e+00 0.000000e+00 2.920500e+24 1.203300e+03 4.157900e+11
2.233400e+06 3.589600e+07 2.620900e+07 0.000000e+00 0.000000e+00 0.000000e+00 2.920500e+24 1.203300e+03 4.157900e+11
-1.116400e+07 3.078400e+07 3.013600e+07 0.000000e+00 0.000000e+00 0.000000e+00 2.920500e+24 1.203300e+03 4.157900e+11
-2.096400e+07 2.017100e+07 3.367600e+07 0.000000e+00 0.000000e+00 0.000000e+00 2.920500e+24 1.203300e+03 4.157900e+11
-2.507300e+07 6.104700e+06 3.625600e+07 0.000000e+00 0.000000e+00 0.000000e+00 2.920500e+24 1.203300e+03 4.157900e+11
-2.245900e+07 -8.500900e+06 3.746700e+07 0.000000e+00 0.000000e+00 0.000000e+00 2.920500e+24 1.203300e+03 4.157900e+11
-1.350600e+07 -2.040100e+07 3.717300e+07 0.000000e+00 0.000000e+00 0.000000e+00 2.920500e+24 1.203300e+03 4.157900e+11
-1.080200e+05 -2.673200e+07 3.557900e+07 0.000000e+00 0.000000e+00 0.000000e+00 2.920500e+24 1.203300e+03 4.157900e+11
1.458800e+07 -2.576000e+07 3.322700e+07 0.000000e+00 0.000000e+00 0.000000e+00 2.920500e+24 1.203300e+03 4.157900e+11
2.680600e+07 -1.750700e+07 3.091000e+07 0.000000e+00 0.000000e+00 0.000000e+00 2.920500e+24 1.203300e+03 4.157900e+11
3.308800e+07 -4.028400e+06 2.948500e+07 0.000000e+00 0.000000e+00 0.000000e+00 2.920500e+24 1.203300e+03 4.157900e+11
3.138000e+07 1.082700e+07 2.964000e+07 0.000000e+00 0.000000e+00 0.000000e+00 2.920500e+24 1.203300e+03 4.157900e+11
2.197100e+07 2.230100e+07 3.162900e+07 0.000000e+00 0.000000e+00 0.000000e+00 2.920500e+24 1.203300e+03 4.157900e+11
7.913600e+06 2.619600e+07 3.509400e+07 0.000000e+00 0.000000e+00 0.000000e+00 2.920500e+24 1.203300e+03 4.157900e+11
-5.467500e+06 2.063900e+07 3.904600e+07 0.000000e+00 0.000000e+00 0.000000e+00 2.920500e+24 1.203300e+03 4.157900e+11
-1.223300e+07 7.549500e+06 4.211700e+07 0.000000e+00 0.000000e+00 0.000000e+00 2.920500e+24 1.203300e+03 4.157900e+11
-8.541700e+06 -7.050900e+06 4.310200e+07 0.000000e+00 0.000000e+00 0.000000e+00 2.920500e+24 1.203300e+03 4.157900e+11
4.348000e+06 -1.488200e+07 4.171400e+07 0.000000e+00 0.000000e+00 0.000000e+00 2.920500e+24 1.203300e+03 4.157900e+11
1.853800e+07 -9.979800e+06 3.920700e+07 0.000000e+00 0.000000e+00 0.000000e+00 2.920500e+24 1.203300e+03 4.157900e+11
2.226000e+07 4.857700e+06 3.822700e+07 0.000000e+00 0.000000e+00 0.000000e+00 2.920500e+24 1.203300e+03 4.157900e+11
1.022300e+07 1.423700e+07 4.090500e+07 0.000000e+00 0.000000e+00 0.000000e+00 2.920500e+24 1.203300e+03 4.157900e+11
9.161800e+05 2.124400e+06 4.444200e+07 0.000000e+00 0.000000e+00 0.000000e+00 2.920500e+24 1.203300e+03 4.157900e+11
9.086500e+06 2.891900e+06 4.346900e+07 0.000000e+00 0.000000e+00 0.000000e+00 2.920500e+24 1.203300e+03 4.157900e+11
3.477800e+07 -4.824000e+07 8.332500e+06 0.000000e+00 0.000000e+00 0.000000e+00 2.912900e+24 2.129800e+02 3.626000e+10
3.542600e+07 -4.331100e+07 2.179900e+07 0.000000e+00 0.000000e+00 0.000000e+00 2.912900e+24 2.129800e+02 3.626000e+10
4.892700e+07 -3.368900e+07 8.788700e+06 0.000000e+00 0.000000e+00 0.000000e+00 2.912900e+24 2.129800e+02 3.626000e+10
4.400000e+07 -3.882700e+07 -1.275100e+07 0.000000e+00 0.000000e+00 0.000000e+00 2.912900e+24 2.129800e+02 3.626000e+10
2.501600e+07 -5.136700e+07 -1.848500e+07 0.000000e+00 0.000000e+00 0.000000e+00 2.912900e+24 2.129800e+02 3.626000e+10
7.488800e+06 -5.942400e+07 -4.337400e+06 0.000000e+00 0.000000e+00 0.000000e+00 2.912900e+24 2.129800e+02 3.626000e+10
2.469100e+06 -5.683700e+07 1.922200e+07 0.000000e+00 0.000000e+00 0.000000e+00 2.912900e+24 2.129800e+02 3.626000e+10
1.173800e+07 -4.472000e+07 3.831900e+07 0.000000e+00 0.000000e+00 0.000000e+00 2.912900e+24 2.129800e+02 3.626000e+10
2.968900e+07 -2.873500e+07 4.357700e+07 0.000000e+00 0.000000e+00 0.000000e+00 2.912900e+24 2.129800e+02 3.626000e+10
4.769400e+07 -1.543500e+07 3.306200e+07 0.000000e+00 0.000000e+00 0.000000e+00 2.912900e+24 2.129800e+02 3.626000e+10
5.819900e+07 -9.473400e+06 1.136700e+07 0.000000e+00 0.000000e+00 0.000000e+00 2.912900e+24 2.129800e+02 3.626000e+10
5.723600e+07 -1.230400e+07 -1.336700e+07 0.000000e+00 0.000000e+00 0.000000e+00 2.912900e+24 2.129800e+02 3.626000e+10
4.510300e+07 -2.227200e+07 -3.279900e+07 0.000000e+00 0.000000e+00 0.000000e+00 2.912900e+24 2.129800e+02 3.626000e+10
2.558100e+07 -3.563000e+07 -4.101500e+07 0.000000e+00 0.000000e+00 0.000000e+00 2.912900e+24 2.129800e+02 3.626000e+10
4.320700e+06 -4.793900e+07 -3.590700e+07 0.000000e+00 0.000000e+00 0.000000e+00 2.912900e+24 2.129800e+02 3.626000e+10
-1.296400e+07 -5.538600e+07 -1.924600e+07 0.000000e+00 0.000000e+00 0.000000e+00 2.912900e+24 2.129800e+02 3.626000e+10
-2.200600e+07 -5.571200e+07 4.245500e+06 0.000000e+00 0.000000e+00 0.000000e+00 2.912900e+24 2.129800e+02 3.626000e+10
-2.089900e+07 -4.860500e+07 2.840600e+07 0.000000e+00 0.000000e+00 0.000000e+00 2.912900e+24 2.129800e+02 3.626000e+10
-1.031800e+07 -3.558400e+07 4.725900e+07 0.000000e+00 0.000000e+00 0.000000e+00 2.912900e+24 2.129800e+02 3.626000e+10
6.875600e+06 -1.947600e+07 5.638700e+07 0.000000e+00 0.000000e+00 0.000000e+00 2.912900e+24 2.129800e+02 3.626000e+10
2.645200e+07 -3.676300e+06 5.378500e+07 0.000000e+00 0.000000e+00 0.000000e+00 2.912900e+24 2.129800e+02 3.626000e+10
4.384100e+07 8.635500e+06 4.011800e+07 0.000000e+00 0.000000e+00 0.000000e+00 2.912900e+24 2.129800e+02 3.626000e+10
5.512200e+07 1.515000e+07 1.838900e+07 0.000000e+00 0.000000e+00 0.000000e+00 2.912900e+24 2.129800e+02 3.626000e+10
5.778400e+07 1.485100e+07 -6.823300e+06 0.000000e+00 0.000000e+00 0.000000e+00 2.912900e+24 2.129800e+02 3.626000e+10
5.115700e+07 8.140400e+06 -3.037700e+07 0.000000e+00 0.000000e+00 0.000000e+00 2.912900e+24 2.129800e+02 3.626000e+10
3.644500e+07 -3.307600e+06 -4.761200e+07 0.000000e+00 0.000000e+00 0.000000e+00 2.912900e+24 2.129800e+02 3.626000e+10
1.640400e+07 -1.693600e+07 -5.522800e+07 0.000000e+00 0.000000e+00 0.000000e+00 2.912900e+24 2.129800e+02 3.626000e+10
-5.244100e+06 -2.982400e+07 -5.185700e+07 0.000000e+00 0.000000e+00 0.000000e+00 2.912900e+24 2.129800e+02 3.626000e+10
-2.454700e+07 -3.925400e+07 -3.824500e+07 0.000000e+00 0.000000e+00 0.000000e+00 2.912900e+24 2.129800e+02 3.626000e+10
-3.806500e+07 -4.320200e+07 -1.705100e+07 0.000000e+00 0.000000e+00 0.000000e+00 2.912900e+24 2.129800e+02 3.626000e+10
-4.348100e+07 -4.069700e+07 7.697700e+06 0.000000e+00 0.000000e+00 0.000000e+00 2.912900e+24 2.129800e+02 3.626000e+10
-4.000300e+07 -3.196400e+07 3.137000e+07 0.000000e+00 0.000000e+00 0.000000e+00 2.912900e+24 2.129800e+02 3.626000e+10
-2.847200e+07 -1.837000e+07 4.957800e+07 0.000000e+00 0.000000e+00 0.000000e+00 2.912900e+24 2.129800e+02 3.626000e+10
-1.118600e+07 -2.151400e+06 5.896000e+07 0.000000e+00 0.000000e+00 0.000000e+00 2.912900e+24 2.129800e+02 3.626000e+10
8.524900e+06 1.398900e+07 5.777300e+07 0.000000e+00 0.000000e+00 0.000000e+00 2.912900e+24 2.129800e+02 3.626000e+10
2.690000e+07 2.737100e+07 4.618700e+07 0.000000e+00 0.000000e+00 0.000000e+00 2.912900e+24 2.129800e+02 3.626000e+10
4.042400e+07 3.581400e+07 2.625500e+07 0.000000e+00 0.000000e+00 0.000000e+00 2.912900e+24 2.129800e+02 3.626000e+10
4.645100e+07 3.802600e+07 1.540700e+06 0.000000e+00 0.000000e+00 0.000000e+00 2.912900e+24 2.129800e+02 3.626000e+10
4.368500e+07 3.384100e+07 -2.350600e+07 0.000000e+00 0.000000e+00 0.000000e+00 2.912900e+24 2.129800e+02 3.626000e+10
3.242100e+07 2.425700e+07 -4.434600e+07 0.000000e+00 0.000000e+00 0.000000e+00 2.912900e+24 2.129800e+02 3.626000e+10
1.452000e+07 1.127200e+07 -5.716800e+07 0.000000e+00 0.000000e+00 0.000000e+00 2.912900e+24 2.129800e+02 3.626000e+10
-6.913600e+06 -2.464300e+06 -5.960000e+07 0.000000e+00 0.000000e+00 0.000000e+00 2.912900e+24 2.129800e+02 3.626000e+10
-2.806800e+07 -1.412400e+07 -5.117400e+07 0.000000e+00 0.000000e+00 0.000000e+00 2.912900e+24 2.129800e+02 3.626000e+10
-4.512200e+07 -2.122400e+07 -3.346000e+07 0.000000e+00 0.000000e+00 0.000000e+00 2.912900e+24 2.129800e+02 3.626000e+10
-5.496200e+07 -2.210100e+07 -9.840000e+06 0.000000e+00 0.000000e+00 0.000000e+00 2.912900e+24 2.129800e+02 3.626000e+10
-5.580200e+07 -1.626700e+07 1.508500e+07 0.000000e+00 0.000000e+00 0.000000e+00 2.912900e+24 2.129800e+02 3.626000e+10
-4.759200e+07 -4.540900e+06 3.633800e+07 0.000000e+00 0.000000e+00 0.000000e+00 2.912900e+24 2.129800e+02 3.626000e+10
-3.209900e+07 1.104400e+07 4.953500e+07 0.000000e+00 0.000000e+00 0.000000e+00 2.912900e+24 2.129800e+02 3.626000e+10
-1.264500e+07 2.759800e+07 5.181200e+07 0.000000e+00 0.000000e+00 0.000000e+00 2.912900e+24 2.129800e+02 3.626000e+10
6.494900e+06 4.192400e+07 4.250000e+07 0.000000e+00 0.000000e+00 0.000000e+00 2.912900e+24 2.129800e+02 3.626000e+10
2.094500e+07 5.118000e+07 2.340900e+07 0.000000e+00 0.000000e+00 0.000000e+00 2.912900e+24 2.129800e+02 3.626000e+10
2.718200e+07 5.352800e+07 -1.393300e+06 0.000000e+00 0.000000e+00 0.000000e+00 2.912900e+24 2.129800e+02 3.626000e+10
2.340200e+07 4.863100e+07 -2.633400e+07 0.000000e+00 0.000000e+00 0.000000e+00 2.912900e+24 2.129800e+02 3.626000e+10
1.008900e+07 3.785700e+07 -4.551000e+07 0.000000e+00 0.000000e+00 0.000000e+00 2.912900e+24 2.129800e+02 3.626000e+10
-9.886400e+06 2.410700e+07 -5.410300e+07 0.000000e+00 0.000000e+00 0.000000e+00 2.912900e+24 2.129800e+02 3.626000e+10
-3.174900e+07 1.123900e+07 -4.971700e+07 0.000000e+00 0.000000e+00 0.000000e+00 2.912900e+24 2.129800e+02 3.626000e+10
-4.987600e+07 3.142800e+06 -3.329500e+07 0.000000e+00 0.000000e+00 0.000000e+00 2.912900e+24 2.129800e+02 3.626000e+10
-5.926900e+07 2.654200e+06 -9.285200e+06 0.000000e+00 0.000000e+00 0.000000e+00 2.912900e+24 2.129800e+02 3.626000e+10
-5.712900e+07 1.056000e+07 1.519200e+07 0.000000e+00 0.000000e+00 0.000000e+00 2.912900e+24 2.129800e+02 3.626000e+10
-4.409500e+07 2.502700e+07 3.217700e+07 0.000000e+00 0.000000e+00 0.000000e+00 2.912900e+24 2.129800e+02 3.626000e+10
-2.463200e+07 4.175800e+07 3.543500e+07 0.000000e+00 0.000000e+00 0.000000e+00 2.912900e+24 2.129800e+02 3.626000e+10
-6.150000e+06 5.508700e+07 2.310200e+07 0.000000e+00 0.000000e+00 0.000000e+00 2.912900e+24 2.129800e+02 3.626000e+10
3.314100e+06 5.995600e+07 -5.734400e+05 0.000000e+00 0.000000e+00 0.000000e+00 2.912900e+24 2.129800e+02 3.626000e+10
-1.464400e+06 5.433800e+07 -2.552100e+07 0.000000e+00 0.000000e+00 0.000000e+00 2.912900e+24 2.129800e+02 3.626000e+10
-1.940000e+07 4.118800e+07 -3.915700e+07 0.000000e+00 0.000000e+00 0.000000e+00 2.912900e+24 2.129800e+02 3.626000e+10
-4.142700e+07 2.854400e+07 -3.279000e+07 0.000000e+00 0.000000e+00 0.000000e+00 2.912900e+24 2.129800e+02 3.626000e+10
-5.319600e+07 2.624100e+07 -9.365700e+06 0.000000e+00 0.000000e+00 0.000000e+00 2.912900e+24 2.129800e+02 3.626000e+10
-4.438500e+07 3.849200e+07 1.242500e+07 0.000000e+00 0.000000e+00 0.000000e+00 2.912900e+24 2.129800e+02 3.626000e+10
-2.365500e+07 5.470100e+07 7.372800e+06 0.000000e+00 0.000000e+00 0.000000e+00 2.912900e+24 2.129800e+02 3.626000e+10
-2.589100e+07 5.060800e+07 -1.935400e+07 0.000000e+00 0.000000e+00 0.000000e+00 2.912900e+24 2.129800e+02 3.626000e+10
-3.477800e+07 4.824000e+07 -8.332500e+06 0.000000e+00 0.000000e+00 0.000000e+00 2.912900e+24 2.129800e+02 3.626000e+10
